id,target,creator,description,lat,lon,c1_type,c1_match,c1_value
https://geoconnex.us/cuahsi/his/MOPEX/USGS_07177500,http://selfie.cuahsi.org/MOPEX/USGS_07177500,acastronova@cuahsi.org,07177500,36.27833333,-97.95388889,QueryString,f?=.*,http://selfie.cuahsi.org/MOPEX/USGS_07177500?f=${C:f:1}
https://geoconnex.us/cuahsi/his/MOPEX/basin_07177500,http://selfie.cuahsi.org/MOPEX/basin_07177500,acastronova@cuahsi.org,boundary_07177500,36.52104,-96.26796,QueryString,f?=.*,http://selfie.cuahsi.org/MOPEX/basin_07177500?f=${C:f:1}
https://geoconnex.us/cuahsi/his/MOPEX/USGS_01076500,http://selfie.cuahsi.org/MOPEX/USGS_01076500,acastronova@cuahsi.org,01076500,43.75916667,-71.68611111,QueryString,f?=.*,http://selfie.cuahsi.org/MOPEX/USGS_01076500?f=${C:f:1}
https://geoconnex.us/cuahsi/his/MOPEX/basin_01076500,http://selfie.cuahsi.org/MOPEX/basin_01076500,acastronova@cuahsi.org,boundary_01076500,43.940721,-71.709239,QueryString,f?=.*,http://selfie.cuahsi.org/MOPEX/basin_01076500?f=${C:f:1}
https://geoconnex.us/cuahsi/his/MOPEX/USGS_01064500,http://selfie.cuahsi.org/MOPEX/USGS_01064500,acastronova@cuahsi.org,01064500,43.99083333,-71.09055556,QueryString,f?=.*,http://selfie.cuahsi.org/MOPEX/USGS_01064500?f=${C:f:1}
https://geoconnex.us/cuahsi/his/MOPEX/basin_01064500,http://selfie.cuahsi.org/MOPEX/basin_01064500,acastronova@cuahsi.org,boundary_01064500,44.089966,-71.25984,QueryString,f?=.*,http://selfie.cuahsi.org/MOPEX/basin_01064500?f=${C:f:1}
https://geoconnex.us/cuahsi/his/MOPEX/USGS_01055500,http://selfie.cuahsi.org/MOPEX/USGS_01055500,acastronova@cuahsi.org,01055500,44.26944444,-70.22972222,QueryString,f?=.*,http://selfie.cuahsi.org/MOPEX/USGS_01055500?f=${C:f:1}
https://geoconnex.us/cuahsi/his/MOPEX/basin_01055500,http://selfie.cuahsi.org/MOPEX/basin_01055500,acastronova@cuahsi.org,boundary_01055500,44.338919,-70.361013,QueryString,f?=.*,http://selfie.cuahsi.org/MOPEX/basin_01055500?f=${C:f:1}
https://geoconnex.us/cuahsi/his/MOPEX/USGS_01060000,http://selfie.cuahsi.org/MOPEX/USGS_01060000,acastronova@cuahsi.org,01060000,43.79915,-70.17826944,QueryString,f?=.*,http://selfie.cuahsi.org/MOPEX/USGS_01060000?f=${C:f:1}
https://geoconnex.us/cuahsi/his/MOPEX/basin_01060000,http://selfie.cuahsi.org/MOPEX/basin_01060000,acastronova@cuahsi.org,boundary_01060000,44.338919,-70.361013,QueryString,f?=.*,http://selfie.cuahsi.org/MOPEX/basin_01060000?f=${C:f:1}
https://geoconnex.us/cuahsi/his/MOPEX/02414500,http://selfie.cuahsi.org/MOPEX/02414500,acastronova@cuahsi.org,02414500,33.11678684,-85.5607875,QueryString,f?=.*,http://selfie.cuahsi.org/MOPEX/02414500?f=${C:f:1}
https://geoconnex.us/cuahsi/his/MOPEX/02456500,http://selfie.cuahsi.org/MOPEX/02456500,acastronova@cuahsi.org,02456500,33.7098268,-86.9833305,QueryString,f?=.*,http://selfie.cuahsi.org/MOPEX/02456500?f=${C:f:1}
https://geoconnex.us/cuahsi/his/MOPEX/03574500,http://selfie.cuahsi.org/MOPEX/03574500,acastronova@cuahsi.org,03574500,34.6242547,-86.3063737,QueryString,f?=.*,http://selfie.cuahsi.org/MOPEX/03574500?f=${C:f:1}
https://geoconnex.us/cuahsi/his/MOPEX/09444500,http://selfie.cuahsi.org/MOPEX/09444500,acastronova@cuahsi.org,09444500,33.04950776,-109.2959047,QueryString,f?=.*,http://selfie.cuahsi.org/MOPEX/09444500?f=${C:f:1}
https://geoconnex.us/cuahsi/his/MOPEX/09497500,http://selfie.cuahsi.org/MOPEX/09497500,acastronova@cuahsi.org,09497500,33.79810588,-110.4998292,QueryString,f?=.*,http://selfie.cuahsi.org/MOPEX/09497500?f=${C:f:1}
https://geoconnex.us/cuahsi/his/MOPEX/07049000,http://selfie.cuahsi.org/MOPEX/07049000,acastronova@cuahsi.org,07049000,36.2,-93.855,QueryString,f?=.*,http://selfie.cuahsi.org/MOPEX/07049000?f=${C:f:1}
https://geoconnex.us/cuahsi/his/MOPEX/07056000,http://selfie.cuahsi.org/MOPEX/07056000,acastronova@cuahsi.org,07056000,35.98305556,-92.7472222,QueryString,f?=.*,http://selfie.cuahsi.org/MOPEX/07056000?f=${C:f:1}
https://geoconnex.us/cuahsi/his/MOPEX/07069500,http://selfie.cuahsi.org/MOPEX/07069500,acastronova@cuahsi.org,07069500,36.20555556,-91.1716667,QueryString,f?=.*,http://selfie.cuahsi.org/MOPEX/07069500?f=${C:f:1}
https://geoconnex.us/cuahsi/his/MOPEX/07072000,http://selfie.cuahsi.org/MOPEX/07072000,acastronova@cuahsi.org,07072000,36.34638889,-91.1141667,QueryString,f?=.*,http://selfie.cuahsi.org/MOPEX/07072000?f=${C:f:1}
https://geoconnex.us/cuahsi/his/MOPEX/07074000,http://selfie.cuahsi.org/MOPEX/07074000,acastronova@cuahsi.org,07074000,36.1111111,-91.4494444,QueryString,f?=.*,http://selfie.cuahsi.org/MOPEX/07074000?f=${C:f:1}
https://geoconnex.us/cuahsi/his/MOPEX/07252000,http://selfie.cuahsi.org/MOPEX/07252000,acastronova@cuahsi.org,07252000,35.57694444,-94.0152778,QueryString,f?=.*,http://selfie.cuahsi.org/MOPEX/07252000?f=${C:f:1}
https://geoconnex.us/cuahsi/his/MOPEX/07261000,http://selfie.cuahsi.org/MOPEX/07261000,acastronova@cuahsi.org,07261000,35.2986111,-92.4038889,QueryString,f?=.*,http://selfie.cuahsi.org/MOPEX/07261000?f=${C:f:1}
https://geoconnex.us/cuahsi/his/MOPEX/07340000,http://selfie.cuahsi.org/MOPEX/07340000,acastronova@cuahsi.org,07340000,33.91944444,-94.3866667,QueryString,f?=.*,http://selfie.cuahsi.org/MOPEX/07340000?f=${C:f:1}
https://geoconnex.us/cuahsi/his/MOPEX/07363500,http://selfie.cuahsi.org/MOPEX/07363500,acastronova@cuahsi.org,07363500,33.7008333,-92.0258333,QueryString,f?=.*,http://selfie.cuahsi.org/MOPEX/07363500?f=${C:f:1}
https://geoconnex.us/cuahsi/his/MOPEX/10296000,http://selfie.cuahsi.org/MOPEX/10296000,acastronova@cuahsi.org,10296000,38.3796366,-119.4501649,QueryString,f?=.*,http://selfie.cuahsi.org/MOPEX/10296000?f=${C:f:1}
https://geoconnex.us/cuahsi/his/MOPEX/10296500,http://selfie.cuahsi.org/MOPEX/10296500,acastronova@cuahsi.org,10296500,38.51324495,-119.4498872,QueryString,f?=.*,http://selfie.cuahsi.org/MOPEX/10296500?f=${C:f:1}
https://geoconnex.us/cuahsi/his/MOPEX/11025500,http://selfie.cuahsi.org/MOPEX/11025500,acastronova@cuahsi.org,11025500,33.1069866,-116.866137,QueryString,f?=.*,http://selfie.cuahsi.org/MOPEX/11025500?f=${C:f:1}
https://geoconnex.us/cuahsi/his/MOPEX/11080500,http://selfie.cuahsi.org/MOPEX/11080500,acastronova@cuahsi.org,11080500,34.23583798,-117.8058928,QueryString,f?=.*,http://selfie.cuahsi.org/MOPEX/11080500?f=${C:f:1}
https://geoconnex.us/cuahsi/his/MOPEX/11138500,http://selfie.cuahsi.org/MOPEX/11138500,acastronova@cuahsi.org,11138500,34.83970289,-120.1682063,QueryString,f?=.*,http://selfie.cuahsi.org/MOPEX/11138500?f=${C:f:1}
https://geoconnex.us/cuahsi/his/MOPEX/11160000,http://selfie.cuahsi.org/MOPEX/11160000,acastronova@cuahsi.org,11160000,36.9913389,-121.9557933,QueryString,f?=.*,http://selfie.cuahsi.org/MOPEX/11160000?f=${C:f:1}
https://geoconnex.us/cuahsi/his/MOPEX/11210500,http://selfie.cuahsi.org/MOPEX/11210500,acastronova@cuahsi.org,11210500,36.40661504,-118.9542677,QueryString,f?=.*,http://selfie.cuahsi.org/MOPEX/11210500?f=${C:f:1}
https://geoconnex.us/cuahsi/his/MOPEX/11213500,http://selfie.cuahsi.org/MOPEX/11213500,acastronova@cuahsi.org,11213500,36.8632806,-119.124282,QueryString,f?=.*,http://selfie.cuahsi.org/MOPEX/11213500?f=${C:f:1}
https://geoconnex.us/cuahsi/his/MOPEX/11222000,http://selfie.cuahsi.org/MOPEX/11222000,acastronova@cuahsi.org,11222000,36.81717164,-119.3865146,QueryString,f?=.*,http://selfie.cuahsi.org/MOPEX/11222000?f=${C:f:1}
https://geoconnex.us/cuahsi/his/MOPEX/11224500,http://selfie.cuahsi.org/MOPEX/11224500,acastronova@cuahsi.org,11224500,36.21467719,-120.4707116,QueryString,f?=.*,http://selfie.cuahsi.org/MOPEX/11224500?f=${C:f:1}
https://geoconnex.us/cuahsi/his/MOPEX/11281000,http://selfie.cuahsi.org/MOPEX/11281000,acastronova@cuahsi.org,11281000,37.82159266,-120.0129616,QueryString,f?=.*,http://selfie.cuahsi.org/MOPEX/11281000?f=${C:f:1}
https://geoconnex.us/cuahsi/his/MOPEX/11342000,http://selfie.cuahsi.org/MOPEX/11342000,acastronova@cuahsi.org,11342000,40.93959397,-122.4172351,QueryString,f?=.*,http://selfie.cuahsi.org/MOPEX/11342000?f=${C:f:1}
https://geoconnex.us/cuahsi/his/MOPEX/11355500,http://selfie.cuahsi.org/MOPEX/11355500,acastronova@cuahsi.org,11355500,40.68654984,-121.4246992,QueryString,f?=.*,http://selfie.cuahsi.org/MOPEX/11355500?f=${C:f:1}
https://geoconnex.us/cuahsi/his/MOPEX/11401500,http://selfie.cuahsi.org/MOPEX/11401500,acastronova@cuahsi.org,11401500,40.07794668,-120.9280107,QueryString,f?=.*,http://selfie.cuahsi.org/MOPEX/11401500?f=${C:f:1}
https://geoconnex.us/cuahsi/his/MOPEX/11403000,http://selfie.cuahsi.org/MOPEX/11403000,acastronova@cuahsi.org,11403000,40.01044218,-121.2185749,QueryString,f?=.*,http://selfie.cuahsi.org/MOPEX/11403000?f=${C:f:1}
https://geoconnex.us/cuahsi/his/MOPEX/11413000,http://selfie.cuahsi.org/MOPEX/11413000,acastronova@cuahsi.org,11413000,39.5248937,-120.9380068,QueryString,f?=.*,http://selfie.cuahsi.org/MOPEX/11413000?f=${C:f:1}
https://geoconnex.us/cuahsi/his/MOPEX/11427000,http://selfie.cuahsi.org/MOPEX/11427000,acastronova@cuahsi.org,11427000,38.93600919,-121.023833,QueryString,f?=.*,http://selfie.cuahsi.org/MOPEX/11427000?f=${C:f:1}
https://geoconnex.us/cuahsi/his/MOPEX/11530000,http://selfie.cuahsi.org/MOPEX/11530000,acastronova@cuahsi.org,11530000,41.049852,-123.673668,QueryString,f?=.*,http://selfie.cuahsi.org/MOPEX/11530000?f=${C:f:1}
https://geoconnex.us/cuahsi/his/MOPEX/11532500,http://selfie.cuahsi.org/MOPEX/11532500,acastronova@cuahsi.org,11532500,41.7915026,-124.0761887,QueryString,f?=.*,http://selfie.cuahsi.org/MOPEX/11532500?f=${C:f:1}
https://geoconnex.us/cuahsi/his/MOPEX/09132500,http://selfie.cuahsi.org/MOPEX/09132500,acastronova@cuahsi.org,09132500,38.9258228,-107.4342211,QueryString,f?=.*,http://selfie.cuahsi.org/MOPEX/09132500?f=${C:f:1}
https://geoconnex.us/cuahsi/his/MOPEX/09251000,http://selfie.cuahsi.org/MOPEX/09251000,acastronova@cuahsi.org,09251000,40.50274666,-108.0334152,QueryString,f?=.*,http://selfie.cuahsi.org/MOPEX/09251000?f=${C:f:1}
https://geoconnex.us/cuahsi/his/MOPEX/01127000,http://selfie.cuahsi.org/MOPEX/01127000,acastronova@cuahsi.org,01127000,41.59749167,-71.9840944,QueryString,f?=.*,http://selfie.cuahsi.org/MOPEX/01127000?f=${C:f:1}
https://geoconnex.us/cuahsi/his/MOPEX/02236000,http://selfie.cuahsi.org/MOPEX/02236000,acastronova@cuahsi.org,02236000,29.00831827,-81.3825651,QueryString,f?=.*,http://selfie.cuahsi.org/MOPEX/02236000?f=${C:f:1}
https://geoconnex.us/cuahsi/his/MOPEX/02273000,http://selfie.cuahsi.org/MOPEX/02273000,acastronova@cuahsi.org,02273000,27.22587987,-80.96256389,QueryString,f?=.*,http://selfie.cuahsi.org/MOPEX/02273000?f=${C:f:1}
https://geoconnex.us/cuahsi/his/MOPEX/02296750,http://selfie.cuahsi.org/MOPEX/02296750,acastronova@cuahsi.org,02296750,27.22088245,-81.8761946,QueryString,f?=.*,http://selfie.cuahsi.org/MOPEX/02296750?f=${C:f:1}
https://geoconnex.us/cuahsi/his/MOPEX/02329000,http://selfie.cuahsi.org/MOPEX/02329000,acastronova@cuahsi.org,02329000,30.55408644,-84.3840715,QueryString,f?=.*,http://selfie.cuahsi.org/MOPEX/02329000?f=${C:f:1}
https://geoconnex.us/cuahsi/his/MOPEX/02365500,http://selfie.cuahsi.org/MOPEX/02365500,acastronova@cuahsi.org,02365500,30.77574389,-85.827711,QueryString,f?=.*,http://selfie.cuahsi.org/MOPEX/02365500?f=${C:f:1}
https://geoconnex.us/cuahsi/his/MOPEX/02375500,http://selfie.cuahsi.org/MOPEX/02375500,acastronova@cuahsi.org,02375500,30.96518304,-87.2341395,QueryString,f?=.*,http://selfie.cuahsi.org/MOPEX/02375500?f=${C:f:1}
https://geoconnex.us/cuahsi/his/MOPEX/02192000,http://selfie.cuahsi.org/MOPEX/02192000,acastronova@cuahsi.org,02192000,33.97416667,-82.77,QueryString,f?=.*,http://selfie.cuahsi.org/MOPEX/02192000?f=${C:f:1}
https://geoconnex.us/cuahsi/his/MOPEX/02202000,http://selfie.cuahsi.org/MOPEX/02202000,acastronova@cuahsi.org,02202000,32.7107211,-81.87927999,QueryString,f?=.*,http://selfie.cuahsi.org/MOPEX/02202000?f=${C:f:1}
https://geoconnex.us/cuahsi/his/MOPEX/02202500,http://selfie.cuahsi.org/MOPEX/02202500,acastronova@cuahsi.org,02202500,32.19159045,-81.4159454,QueryString,f?=.*,http://selfie.cuahsi.org/MOPEX/02202500?f=${C:f:1}
https://geoconnex.us/cuahsi/his/MOPEX/02217500,http://selfie.cuahsi.org/MOPEX/02217500,acastronova@cuahsi.org,02217500,33.94666667,-83.4227778,QueryString,f?=.*,http://selfie.cuahsi.org/MOPEX/02217500?f=${C:f:1}
https://geoconnex.us/cuahsi/his/MOPEX/02218500,http://selfie.cuahsi.org/MOPEX/02218500,acastronova@cuahsi.org,02218500,33.5812375,-83.2726599,QueryString,f?=.*,http://selfie.cuahsi.org/MOPEX/02218500?f=${C:f:1}
https://geoconnex.us/cuahsi/his/MOPEX/02219500,http://selfie.cuahsi.org/MOPEX/02219500,acastronova@cuahsi.org,02219500,33.6087367,-83.3493286,QueryString,f?=.*,http://selfie.cuahsi.org/MOPEX/02219500?f=${C:f:1}
https://geoconnex.us/cuahsi/his/MOPEX/02228000,http://selfie.cuahsi.org/MOPEX/02228000,acastronova@cuahsi.org,02228000,31.22064144,-81.8656651,QueryString,f?=.*,http://selfie.cuahsi.org/MOPEX/02228000?f=${C:f:1}
https://geoconnex.us/cuahsi/his/MOPEX/02339500,http://selfie.cuahsi.org/MOPEX/02339500,acastronova@cuahsi.org,02339500,32.88623868,-85.18216359,QueryString,f?=.*,http://selfie.cuahsi.org/MOPEX/02339500?f=${C:f:1}
https://geoconnex.us/cuahsi/his/MOPEX/02347500,http://selfie.cuahsi.org/MOPEX/02347500,acastronova@cuahsi.org,02347500,32.72138889,-84.2325,QueryString,f?=.*,http://selfie.cuahsi.org/MOPEX/02347500?f=${C:f:1}
https://geoconnex.us/cuahsi/his/MOPEX/02349500,http://selfie.cuahsi.org/MOPEX/02349500,acastronova@cuahsi.org,02349500,32.29821336,-84.0437965,QueryString,f?=.*,http://selfie.cuahsi.org/MOPEX/02349500?f=${C:f:1}
https://geoconnex.us/cuahsi/his/MOPEX/02383500,http://selfie.cuahsi.org/MOPEX/02383500,acastronova@cuahsi.org,02383500,34.56416667,-84.8330556,QueryString,f?=.*,http://selfie.cuahsi.org/MOPEX/02383500?f=${C:f:1}
https://geoconnex.us/cuahsi/his/MOPEX/02387000,http://selfie.cuahsi.org/MOPEX/02387000,acastronova@cuahsi.org,02387000,34.6667494,-84.9282765,QueryString,f?=.*,http://selfie.cuahsi.org/MOPEX/02387000?f=${C:f:1}
https://geoconnex.us/cuahsi/his/MOPEX/02387500,http://selfie.cuahsi.org/MOPEX/02387500,acastronova@cuahsi.org,02387500,34.5771111,-84.9418528,QueryString,f?=.*,http://selfie.cuahsi.org/MOPEX/02387500?f=${C:f:1}
https://geoconnex.us/cuahsi/his/MOPEX/12413000,http://selfie.cuahsi.org/MOPEX/12413000,acastronova@cuahsi.org,12413000,47.5722,-116.2528,QueryString,f?=.*,http://selfie.cuahsi.org/MOPEX/12413000?f=${C:f:1}
https://geoconnex.us/cuahsi/his/MOPEX/12413500,http://selfie.cuahsi.org/MOPEX/12413500,acastronova@cuahsi.org,12413500,47.5547,-116.3231,QueryString,f?=.*,http://selfie.cuahsi.org/MOPEX/12413500?f=${C:f:1}
https://geoconnex.us/cuahsi/his/MOPEX/13186000,http://selfie.cuahsi.org/MOPEX/13186000,acastronova@cuahsi.org,13186000,43.4958333,-115.3080556,QueryString,f?=.*,http://selfie.cuahsi.org/MOPEX/13186000?f=${C:f:1}
https://geoconnex.us/cuahsi/his/MOPEX/13200000,http://selfie.cuahsi.org/MOPEX/13200000,acastronova@cuahsi.org,13200000,43.64805556,-115.9897222,QueryString,f?=.*,http://selfie.cuahsi.org/MOPEX/13200000?f=${C:f:1}
https://geoconnex.us/cuahsi/his/MOPEX/13298500,http://selfie.cuahsi.org/MOPEX/13298500,acastronova@cuahsi.org,13298500,44.3785325,-114.2558942,QueryString,f?=.*,http://selfie.cuahsi.org/MOPEX/13298500?f=${C:f:1}
https://geoconnex.us/cuahsi/his/MOPEX/13302500,http://selfie.cuahsi.org/MOPEX/13302500,acastronova@cuahsi.org,13302500,45.1836111,-113.8952778,QueryString,f?=.*,http://selfie.cuahsi.org/MOPEX/13302500?f=${C:f:1}
https://geoconnex.us/cuahsi/his/MOPEX/13336500,http://selfie.cuahsi.org/MOPEX/13336500,acastronova@cuahsi.org,13336500,46.08666667,-115.5138889,QueryString,f?=.*,http://selfie.cuahsi.org/MOPEX/13336500?f=${C:f:1}
https://geoconnex.us/cuahsi/his/MOPEX/13337000,http://selfie.cuahsi.org/MOPEX/13337000,acastronova@cuahsi.org,13337000,46.1508333,-115.5872222,QueryString,f?=.*,http://selfie.cuahsi.org/MOPEX/13337000?f=${C:f:1}
https://geoconnex.us/cuahsi/his/MOPEX/13340500,http://selfie.cuahsi.org/MOPEX/13340500,acastronova@cuahsi.org,13340500,46.63130196,-115.508751,QueryString,f?=.*,http://selfie.cuahsi.org/MOPEX/13340500?f=${C:f:1}
https://geoconnex.us/cuahsi/his/MOPEX/13340600,http://selfie.cuahsi.org/MOPEX/13340600,acastronova@cuahsi.org,13340600,46.84055556,-115.621111,QueryString,f?=.*,http://selfie.cuahsi.org/MOPEX/13340600?f=${C:f:1}
https://geoconnex.us/cuahsi/his/MOPEX/03345500,http://selfie.cuahsi.org/MOPEX/03345500,acastronova@cuahsi.org,03345500,38.93643266,-88.0225351,QueryString,f?=.*,http://selfie.cuahsi.org/MOPEX/03345500?f=${C:f:1}
https://geoconnex.us/cuahsi/his/MOPEX/03346000,http://selfie.cuahsi.org/MOPEX/03346000,acastronova@cuahsi.org,03346000,39.01004218,-87.9455882,QueryString,f?=.*,http://selfie.cuahsi.org/MOPEX/03346000?f=${C:f:1}
https://geoconnex.us/cuahsi/his/MOPEX/03381500,http://selfie.cuahsi.org/MOPEX/03381500,acastronova@cuahsi.org,03381500,38.0611573,-88.1597597,QueryString,f?=.*,http://selfie.cuahsi.org/MOPEX/03381500?f=${C:f:1}
https://geoconnex.us/cuahsi/his/MOPEX/05435500,http://selfie.cuahsi.org/MOPEX/05435500,acastronova@cuahsi.org,05435500,42.3027969,-89.6195605,QueryString,f?=.*,http://selfie.cuahsi.org/MOPEX/05435500?f=${C:f:1}
https://geoconnex.us/cuahsi/his/MOPEX/05440000,http://selfie.cuahsi.org/MOPEX/05440000,acastronova@cuahsi.org,05440000,42.19444444,-88.9988889,QueryString,f?=.*,http://selfie.cuahsi.org/MOPEX/05440000?f=${C:f:1}
https://geoconnex.us/cuahsi/his/MOPEX/05447500,http://selfie.cuahsi.org/MOPEX/05447500,acastronova@cuahsi.org,05447500,41.48892309,-90.1576186,QueryString,f?=.*,http://selfie.cuahsi.org/MOPEX/05447500?f=${C:f:1}
https://geoconnex.us/cuahsi/his/MOPEX/05502040,http://selfie.cuahsi.org/MOPEX/05502040,acastronova@cuahsi.org,05502040,39.69310198,-91.148751,QueryString,f?=.*,http://selfie.cuahsi.org/MOPEX/05502040?f=${C:f:1}
https://geoconnex.us/cuahsi/his/MOPEX/05520500,http://selfie.cuahsi.org/MOPEX/05520500,acastronova@cuahsi.org,05520500,41.16003338,-87.6686483,QueryString,f?=.*,http://selfie.cuahsi.org/MOPEX/05520500?f=${C:f:1}
https://geoconnex.us/cuahsi/his/MOPEX/05526000,http://selfie.cuahsi.org/MOPEX/05526000,acastronova@cuahsi.org,05526000,41.0089215,-87.8233719,QueryString,f?=.*,http://selfie.cuahsi.org/MOPEX/05526000?f=${C:f:1}
https://geoconnex.us/cuahsi/his/MOPEX/05542000,http://selfie.cuahsi.org/MOPEX/05542000,acastronova@cuahsi.org,05542000,41.2861433,-88.3597871,QueryString,f?=.*,http://selfie.cuahsi.org/MOPEX/05542000?f=${C:f:1}
https://geoconnex.us/cuahsi/his/MOPEX/05552500,http://selfie.cuahsi.org/MOPEX/05552500,acastronova@cuahsi.org,05552500,41.38447735,-88.7892423,QueryString,f?=.*,http://selfie.cuahsi.org/MOPEX/05552500?f=${C:f:1}
https://geoconnex.us/cuahsi/his/MOPEX/05554500,http://selfie.cuahsi.org/MOPEX/05554500,acastronova@cuahsi.org,05554500,40.87781116,-88.636173,QueryString,f?=.*,http://selfie.cuahsi.org/MOPEX/05554500?f=${C:f:1}
https://geoconnex.us/cuahsi/his/MOPEX/05555300,http://selfie.cuahsi.org/MOPEX/05555300,acastronova@cuahsi.org,05555300,41.20836786,-88.93091189,QueryString,f?=.*,http://selfie.cuahsi.org/MOPEX/05555300?f=${C:f:1}
https://geoconnex.us/cuahsi/his/MOPEX/05555500,http://selfie.cuahsi.org/MOPEX/05555500,acastronova@cuahsi.org,05555500,41.25531294,-89.01230329,QueryString,f?=.*,http://selfie.cuahsi.org/MOPEX/05555500?f=${C:f:1}
https://geoconnex.us/cuahsi/his/MOPEX/05569500,http://selfie.cuahsi.org/MOPEX/05569500,acastronova@cuahsi.org,05569500,40.70777778,-90.28,QueryString,f?=.*,http://selfie.cuahsi.org/MOPEX/05569500?f=${C:f:1}
https://geoconnex.us/cuahsi/his/MOPEX/05570000,http://selfie.cuahsi.org/MOPEX/05570000,acastronova@cuahsi.org,05570000,40.49004077,-90.3404025,QueryString,f?=.*,http://selfie.cuahsi.org/MOPEX/05570000?f=${C:f:1}
https://geoconnex.us/cuahsi/his/MOPEX/05582000,http://selfie.cuahsi.org/MOPEX/05582000,acastronova@cuahsi.org,05582000,40.1319901,-89.7356639,QueryString,f?=.*,http://selfie.cuahsi.org/MOPEX/05582000?f=${C:f:1}
https://geoconnex.us/cuahsi/his/MOPEX/05584500,http://selfie.cuahsi.org/MOPEX/05584500,acastronova@cuahsi.org,05584500,40.33032166,-90.8962451,QueryString,f?=.*,http://selfie.cuahsi.org/MOPEX/05584500?f=${C:f:1}
https://geoconnex.us/cuahsi/his/MOPEX/05585000,http://selfie.cuahsi.org/MOPEX/05585000,acastronova@cuahsi.org,05585000,40.0247704,-90.6317947,QueryString,f?=.*,http://selfie.cuahsi.org/MOPEX/05585000?f=${C:f:1}
https://geoconnex.us/cuahsi/his/MOPEX/05592500,http://selfie.cuahsi.org/MOPEX/05592500,acastronova@cuahsi.org,05592500,38.96060098,-89.0889554,QueryString,f?=.*,http://selfie.cuahsi.org/MOPEX/05592500?f=${C:f:1}
https://geoconnex.us/cuahsi/his/MOPEX/05593000,http://selfie.cuahsi.org/MOPEX/05593000,acastronova@cuahsi.org,05593000,38.6117153,-89.35619,QueryString,f?=.*,http://selfie.cuahsi.org/MOPEX/05593000?f=${C:f:1}
https://geoconnex.us/cuahsi/his/MOPEX/05594000,http://selfie.cuahsi.org/MOPEX/05594000,acastronova@cuahsi.org,05594000,38.61,-89.4947222,QueryString,f?=.*,http://selfie.cuahsi.org/MOPEX/05594000?f=${C:f:1}
https://geoconnex.us/cuahsi/his/MOPEX/03303000,http://selfie.cuahsi.org/MOPEX/03303000,acastronova@cuahsi.org,03303000,38.23756614,-86.2283078,QueryString,f?=.*,http://selfie.cuahsi.org/MOPEX/03303000?f=${C:f:1}
https://geoconnex.us/cuahsi/his/MOPEX/03324300,http://selfie.cuahsi.org/MOPEX/03324300,acastronova@cuahsi.org,03324300,40.71254489,-85.4535847,QueryString,f?=.*,http://selfie.cuahsi.org/MOPEX/03324300?f=${C:f:1}
https://geoconnex.us/cuahsi/his/MOPEX/03326500,http://selfie.cuahsi.org/MOPEX/03326500,acastronova@cuahsi.org,03326500,40.57641667,-85.6595278,QueryString,f?=.*,http://selfie.cuahsi.org/MOPEX/03326500?f=${C:f:1}
https://geoconnex.us/cuahsi/his/MOPEX/03328500,http://selfie.cuahsi.org/MOPEX/03328500,acastronova@cuahsi.org,03328500,40.78198455,-86.2638857,QueryString,f?=.*,http://selfie.cuahsi.org/MOPEX/03328500?f=${C:f:1}
https://geoconnex.us/cuahsi/his/MOPEX/03331500,http://selfie.cuahsi.org/MOPEX/03331500,acastronova@cuahsi.org,03331500,41.15726364,-86.5636209,QueryString,f?=.*,http://selfie.cuahsi.org/MOPEX/03331500?f=${C:f:1}
https://geoconnex.us/cuahsi/his/MOPEX/03339500,http://selfie.cuahsi.org/MOPEX/03339500,acastronova@cuahsi.org,03339500,40.04893127,-86.8994518,QueryString,f?=.*,http://selfie.cuahsi.org/MOPEX/03339500?f=${C:f:1}
https://geoconnex.us/cuahsi/his/MOPEX/03348000,http://selfie.cuahsi.org/MOPEX/03348000,acastronova@cuahsi.org,03348000,40.10527778,-85.67138889,QueryString,f?=.*,http://selfie.cuahsi.org/MOPEX/03348000?f=${C:f:1}
https://geoconnex.us/cuahsi/his/MOPEX/03349000,http://selfie.cuahsi.org/MOPEX/03349000,acastronova@cuahsi.org,03349000,40.04698076,-86.0172069,QueryString,f?=.*,http://selfie.cuahsi.org/MOPEX/03349000?f=${C:f:1}
https://geoconnex.us/cuahsi/his/MOPEX/03361500,http://selfie.cuahsi.org/MOPEX/03361500,acastronova@cuahsi.org,03361500,39.52925,-85.7775278,QueryString,f?=.*,http://selfie.cuahsi.org/MOPEX/03361500?f=${C:f:1}
https://geoconnex.us/cuahsi/his/MOPEX/03361650,http://selfie.cuahsi.org/MOPEX/03361650,acastronova@cuahsi.org,03361650,39.71421068,-85.8855359,QueryString,f?=.*,http://selfie.cuahsi.org/MOPEX/03361650?f=${C:f:1}
https://geoconnex.us/cuahsi/his/MOPEX/03362500,http://selfie.cuahsi.org/MOPEX/03362500,acastronova@cuahsi.org,03362500,39.36091667,-85.9980833,QueryString,f?=.*,http://selfie.cuahsi.org/MOPEX/03362500?f=${C:f:1}
https://geoconnex.us/cuahsi/his/MOPEX/03363000,http://selfie.cuahsi.org/MOPEX/03363000,acastronova@cuahsi.org,03363000,39.33921768,-85.9863816,QueryString,f?=.*,http://selfie.cuahsi.org/MOPEX/03363000?f=${C:f:1}
https://geoconnex.us/cuahsi/his/MOPEX/03364000,http://selfie.cuahsi.org/MOPEX/03364000,acastronova@cuahsi.org,03364000,39.2000516,-85.9255464,QueryString,f?=.*,http://selfie.cuahsi.org/MOPEX/03364000?f=${C:f:1}
https://geoconnex.us/cuahsi/his/MOPEX/03365500,http://selfie.cuahsi.org/MOPEX/03365500,acastronova@cuahsi.org,03365500,38.982553,-85.8991444,QueryString,f?=.*,http://selfie.cuahsi.org/MOPEX/03365500?f=${C:f:1}
https://geoconnex.us/cuahsi/his/MOPEX/04100500,http://selfie.cuahsi.org/MOPEX/04100500,acastronova@cuahsi.org,04100500,41.5933827,-85.8486057,QueryString,f?=.*,http://selfie.cuahsi.org/MOPEX/04100500?f=${C:f:1}
https://geoconnex.us/cuahsi/his/MOPEX/05515500,http://selfie.cuahsi.org/MOPEX/05515500,acastronova@cuahsi.org,05515500,41.38963889,-86.7061667,QueryString,f?=.*,http://selfie.cuahsi.org/MOPEX/05515500?f=${C:f:1}
https://geoconnex.us/cuahsi/his/MOPEX/05517000,http://selfie.cuahsi.org/MOPEX/05517000,acastronova@cuahsi.org,05517000,41.3028196,-86.6205695,QueryString,f?=.*,http://selfie.cuahsi.org/MOPEX/05517000?f=${C:f:1}
https://geoconnex.us/cuahsi/his/MOPEX/05517500,http://selfie.cuahsi.org/MOPEX/05517500,acastronova@cuahsi.org,05517500,41.2200392,-86.968356,QueryString,f?=.*,http://selfie.cuahsi.org/MOPEX/05517500?f=${C:f:1}
https://geoconnex.us/cuahsi/his/MOPEX/05518000,http://selfie.cuahsi.org/MOPEX/05518000,acastronova@cuahsi.org,05518000,41.1828134,-87.3403096,QueryString,f?=.*,http://selfie.cuahsi.org/MOPEX/05518000?f=${C:f:1}
https://geoconnex.us/cuahsi/his/MOPEX/05412500,http://selfie.cuahsi.org/MOPEX/05412500,acastronova@cuahsi.org,05412500,42.7399884,-91.261799,QueryString,f?=.*,http://selfie.cuahsi.org/MOPEX/05412500?f=${C:f:1}
https://geoconnex.us/cuahsi/his/MOPEX/05418500,http://selfie.cuahsi.org/MOPEX/05418500,acastronova@cuahsi.org,05418500,42.08335324,-90.6329124,QueryString,f?=.*,http://selfie.cuahsi.org/MOPEX/05418500?f=${C:f:1}
https://geoconnex.us/cuahsi/his/MOPEX/05422000,http://selfie.cuahsi.org/MOPEX/05422000,acastronova@cuahsi.org,05422000,41.76697439,-90.5348588,QueryString,f?=.*,http://selfie.cuahsi.org/MOPEX/05422000?f=${C:f:1}
https://geoconnex.us/cuahsi/his/MOPEX/05451500,http://selfie.cuahsi.org/MOPEX/05451500,acastronova@cuahsi.org,05451500,42.06582096,-92.9076997,QueryString,f?=.*,http://selfie.cuahsi.org/MOPEX/05451500?f=${C:f:1}
https://geoconnex.us/cuahsi/his/MOPEX/05452000,http://selfie.cuahsi.org/MOPEX/05452000,acastronova@cuahsi.org,05452000,41.96416188,-92.3132418,QueryString,f?=.*,http://selfie.cuahsi.org/MOPEX/05452000?f=${C:f:1}
https://geoconnex.us/cuahsi/his/MOPEX/05454500,http://selfie.cuahsi.org/MOPEX/05454500,acastronova@cuahsi.org,05454500,41.6566832,-91.5410017,QueryString,f?=.*,http://selfie.cuahsi.org/MOPEX/05454500?f=${C:f:1}
https://geoconnex.us/cuahsi/his/MOPEX/05455500,http://selfie.cuahsi.org/MOPEX/05455500,acastronova@cuahsi.org,05455500,41.4697387,-91.7146129,QueryString,f?=.*,http://selfie.cuahsi.org/MOPEX/05455500?f=${C:f:1}
https://geoconnex.us/cuahsi/his/MOPEX/05457700,http://selfie.cuahsi.org/MOPEX/05457700,acastronova@cuahsi.org,05457700,43.06219456,-92.6738835,QueryString,f?=.*,http://selfie.cuahsi.org/MOPEX/05457700?f=${C:f:1}
https://geoconnex.us/cuahsi/his/MOPEX/05458500,http://selfie.cuahsi.org/MOPEX/05458500,acastronova@cuahsi.org,05458500,42.64831555,-92.4651859,QueryString,f?=.*,http://selfie.cuahsi.org/MOPEX/05458500?f=${C:f:1}
https://geoconnex.us/cuahsi/his/MOPEX/05462000,http://selfie.cuahsi.org/MOPEX/05462000,acastronova@cuahsi.org,05462000,42.7119245,-92.5829664,QueryString,f?=.*,http://selfie.cuahsi.org/MOPEX/05462000?f=${C:f:1}
https://geoconnex.us/cuahsi/his/MOPEX/05471500,http://selfie.cuahsi.org/MOPEX/05471500,acastronova@cuahsi.org,05471500,41.3556987,-92.65735889,QueryString,f?=.*,http://selfie.cuahsi.org/MOPEX/05471500?f=${C:f:1}
https://geoconnex.us/cuahsi/his/MOPEX/05472500,http://selfie.cuahsi.org/MOPEX/05472500,acastronova@cuahsi.org,05472500,41.3008452,-92.2046255,QueryString,f?=.*,http://selfie.cuahsi.org/MOPEX/05472500?f=${C:f:1}
https://geoconnex.us/cuahsi/his/MOPEX/05476500,http://selfie.cuahsi.org/MOPEX/05476500,acastronova@cuahsi.org,05476500,43.39745897,-94.8441533,QueryString,f?=.*,http://selfie.cuahsi.org/MOPEX/05476500?f=${C:f:1}
https://geoconnex.us/cuahsi/his/MOPEX/05479000,http://selfie.cuahsi.org/MOPEX/05479000,acastronova@cuahsi.org,05479000,42.7235824,-94.193489,QueryString,f?=.*,http://selfie.cuahsi.org/MOPEX/05479000?f=${C:f:1}
https://geoconnex.us/cuahsi/his/MOPEX/05481000,http://selfie.cuahsi.org/MOPEX/05481000,acastronova@cuahsi.org,05481000,42.43247506,-93.8057762,QueryString,f?=.*,http://selfie.cuahsi.org/MOPEX/05481000?f=${C:f:1}
https://geoconnex.us/cuahsi/his/MOPEX/05482500,http://selfie.cuahsi.org/MOPEX/05482500,acastronova@cuahsi.org,05482500,41.98803907,-94.3769127,QueryString,f?=.*,http://selfie.cuahsi.org/MOPEX/05482500?f=${C:f:1}
https://geoconnex.us/cuahsi/his/MOPEX/05484500,http://selfie.cuahsi.org/MOPEX/05484500,acastronova@cuahsi.org,05484500,41.5338779,-93.9499503,QueryString,f?=.*,http://selfie.cuahsi.org/MOPEX/05484500?f=${C:f:1}
https://geoconnex.us/cuahsi/his/MOPEX/06600500,http://selfie.cuahsi.org/MOPEX/06600500,acastronova@cuahsi.org,06600500,42.5766596,-96.3114156,QueryString,f?=.*,http://selfie.cuahsi.org/MOPEX/06600500?f=${C:f:1}
https://geoconnex.us/cuahsi/his/MOPEX/06606600,http://selfie.cuahsi.org/MOPEX/06606600,acastronova@cuahsi.org,06606600,42.4822222,-95.7926111,QueryString,f?=.*,http://selfie.cuahsi.org/MOPEX/06606600?f=${C:f:1}
https://geoconnex.us/cuahsi/his/MOPEX/06607200,http://selfie.cuahsi.org/MOPEX/06607200,acastronova@cuahsi.org,06607200,42.1569338,-95.810007,QueryString,f?=.*,http://selfie.cuahsi.org/MOPEX/06607200?f=${C:f:1}
https://geoconnex.us/cuahsi/his/MOPEX/06609500,http://selfie.cuahsi.org/MOPEX/06609500,acastronova@cuahsi.org,06609500,41.6416111,-95.7822222,QueryString,f?=.*,http://selfie.cuahsi.org/MOPEX/06609500?f=${C:f:1}
https://geoconnex.us/cuahsi/his/MOPEX/06808500,http://selfie.cuahsi.org/MOPEX/06808500,acastronova@cuahsi.org,06808500,40.8730547,-95.5802746,QueryString,f?=.*,http://selfie.cuahsi.org/MOPEX/06808500?f=${C:f:1}
https://geoconnex.us/cuahsi/his/MOPEX/06810000,http://selfie.cuahsi.org/MOPEX/06810000,acastronova@cuahsi.org,06810000,40.60166667,-95.645,QueryString,f?=.*,http://selfie.cuahsi.org/MOPEX/06810000?f=${C:f:1}
https://geoconnex.us/cuahsi/his/MOPEX/06817000,http://selfie.cuahsi.org/MOPEX/06817000,acastronova@cuahsi.org,06817000,40.74327778,-95.0141944,QueryString,f?=.*,http://selfie.cuahsi.org/MOPEX/06817000?f=${C:f:1}
https://geoconnex.us/cuahsi/his/MOPEX/06898000,http://selfie.cuahsi.org/MOPEX/06898000,acastronova@cuahsi.org,06898000,40.64027956,-93.8082796,QueryString,f?=.*,http://selfie.cuahsi.org/MOPEX/06898000?f=${C:f:1}
https://geoconnex.us/cuahsi/his/MOPEX/06860000,http://selfie.cuahsi.org/MOPEX/06860000,acastronova@cuahsi.org,06860000,38.7947354,-100.8584796,QueryString,f?=.*,http://selfie.cuahsi.org/MOPEX/06860000?f=${C:f:1}
https://geoconnex.us/cuahsi/his/MOPEX/06868000,http://selfie.cuahsi.org/MOPEX/06868000,acastronova@cuahsi.org,06868000,38.9333444,-98.5336787,QueryString,f?=.*,http://selfie.cuahsi.org/MOPEX/06868000?f=${C:f:1}
https://geoconnex.us/cuahsi/his/MOPEX/06869500,http://selfie.cuahsi.org/MOPEX/06869500,acastronova@cuahsi.org,06869500,39.0038923,-97.8739316,QueryString,f?=.*,http://selfie.cuahsi.org/MOPEX/06869500?f=${C:f:1}
https://geoconnex.us/cuahsi/his/MOPEX/06884400,http://selfie.cuahsi.org/MOPEX/06884400,acastronova@cuahsi.org,06884400,39.72583518,-96.8047432,QueryString,f?=.*,http://selfie.cuahsi.org/MOPEX/06884400?f=${C:f:1}
https://geoconnex.us/cuahsi/his/MOPEX/06884500,http://selfie.cuahsi.org/MOPEX/06884500,acastronova@cuahsi.org,06884500,39.70048729,-96.754525,QueryString,f?=.*,http://selfie.cuahsi.org/MOPEX/06884500?f=${C:f:1}
https://geoconnex.us/cuahsi/his/MOPEX/06885500,http://selfie.cuahsi.org/MOPEX/06885500,acastronova@cuahsi.org,06885500,39.68194349,-96.4427888,QueryString,f?=.*,http://selfie.cuahsi.org/MOPEX/06885500?f=${C:f:1}
https://geoconnex.us/cuahsi/his/MOPEX/06888500,http://selfie.cuahsi.org/MOPEX/06888500,acastronova@cuahsi.org,06888500,39.06472106,-96.1691605,QueryString,f?=.*,http://selfie.cuahsi.org/MOPEX/06888500?f=${C:f:1}
https://geoconnex.us/cuahsi/his/MOPEX/06890500,http://selfie.cuahsi.org/MOPEX/06890500,acastronova@cuahsi.org,06890500,39.35083166,-95.4546974,QueryString,f?=.*,http://selfie.cuahsi.org/MOPEX/06890500?f=${C:f:1}
https://geoconnex.us/cuahsi/his/MOPEX/06892000,http://selfie.cuahsi.org/MOPEX/06892000,acastronova@cuahsi.org,06892000,39.1163912,-95.0108006,QueryString,f?=.*,http://selfie.cuahsi.org/MOPEX/06892000?f=${C:f:1}
https://geoconnex.us/cuahsi/his/MOPEX/06913500,http://selfie.cuahsi.org/MOPEX/06913500,acastronova@cuahsi.org,06913500,38.61806669,-95.2683071,QueryString,f?=.*,http://selfie.cuahsi.org/MOPEX/06913500?f=${C:f:1}
https://geoconnex.us/cuahsi/his/MOPEX/06914000,http://selfie.cuahsi.org/MOPEX/06914000,acastronova@cuahsi.org,06914000,38.333631,-95.2488634,QueryString,f?=.*,http://selfie.cuahsi.org/MOPEX/06914000?f=${C:f:1}
https://geoconnex.us/cuahsi/his/MOPEX/07144200,http://selfie.cuahsi.org/MOPEX/07144200,acastronova@cuahsi.org,07144200,37.83223425,-97.3889317,QueryString,f?=.*,http://selfie.cuahsi.org/MOPEX/07144200?f=${C:f:1}
https://geoconnex.us/cuahsi/his/MOPEX/07144780,http://selfie.cuahsi.org/MOPEX/07144780,acastronova@cuahsi.org,07144780,37.8625129,-98.0139449,QueryString,f?=.*,http://selfie.cuahsi.org/MOPEX/07144780?f=${C:f:1}
https://geoconnex.us/cuahsi/his/MOPEX/07147070,http://selfie.cuahsi.org/MOPEX/07147070,acastronova@cuahsi.org,07147070,37.79612785,-97.0144806,QueryString,f?=.*,http://selfie.cuahsi.org/MOPEX/07147070?f=${C:f:1}
https://geoconnex.us/cuahsi/his/MOPEX/07147800,http://selfie.cuahsi.org/MOPEX/07147800,acastronova@cuahsi.org,07147800,37.22391557,-96.9961475,QueryString,f?=.*,http://selfie.cuahsi.org/MOPEX/07147800?f=${C:f:1}
https://geoconnex.us/cuahsi/his/MOPEX/07172000,http://selfie.cuahsi.org/MOPEX/07172000,acastronova@cuahsi.org,07172000,37.00393886,-96.3166638,QueryString,f?=.*,http://selfie.cuahsi.org/MOPEX/07172000?f=${C:f:1}
https://geoconnex.us/cuahsi/his/MOPEX/07183000,http://selfie.cuahsi.org/MOPEX/07183000,acastronova@cuahsi.org,07183000,37.92225778,-95.4277596,QueryString,f?=.*,http://selfie.cuahsi.org/MOPEX/07183000?f=${C:f:1}
https://geoconnex.us/cuahsi/his/MOPEX/03251500,http://selfie.cuahsi.org/MOPEX/03251500,acastronova@cuahsi.org,03251500,38.60007244,-84.2663239,QueryString,f?=.*,http://selfie.cuahsi.org/MOPEX/03251500?f=${C:f:1}
https://geoconnex.us/cuahsi/his/MOPEX/03252500,http://selfie.cuahsi.org/MOPEX/03252500,acastronova@cuahsi.org,03252500,38.390908,-84.3029905,QueryString,f?=.*,http://selfie.cuahsi.org/MOPEX/03252500?f=${C:f:1}
https://geoconnex.us/cuahsi/his/MOPEX/03253500,http://selfie.cuahsi.org/MOPEX/03253500,acastronova@cuahsi.org,03253500,38.7103478,-84.3107693,QueryString,f?=.*,http://selfie.cuahsi.org/MOPEX/03253500?f=${C:f:1}
https://geoconnex.us/cuahsi/his/MOPEX/03281500,http://selfie.cuahsi.org/MOPEX/03281500,acastronova@cuahsi.org,03281500,37.47981018,-83.6751923,QueryString,f?=.*,http://selfie.cuahsi.org/MOPEX/03281500?f=${C:f:1}
https://geoconnex.us/cuahsi/his/MOPEX/03289500,http://selfie.cuahsi.org/MOPEX/03289500,acastronova@cuahsi.org,03289500,38.26868254,-84.8146714,QueryString,f?=.*,http://selfie.cuahsi.org/MOPEX/03289500?f=${C:f:1}
https://geoconnex.us/cuahsi/his/MOPEX/03301500,http://selfie.cuahsi.org/MOPEX/03301500,acastronova@cuahsi.org,03301500,37.7672853,-85.7038488,QueryString,f?=.*,http://selfie.cuahsi.org/MOPEX/03301500?f=${C:f:1}
https://geoconnex.us/cuahsi/his/MOPEX/03308500,http://selfie.cuahsi.org/MOPEX/03308500,acastronova@cuahsi.org,03308500,37.26944444,-85.8880556,QueryString,f?=.*,http://selfie.cuahsi.org/MOPEX/03308500?f=${C:f:1}
https://geoconnex.us/cuahsi/his/MOPEX/03410500,http://selfie.cuahsi.org/MOPEX/03410500,acastronova@cuahsi.org,03410500,36.62702209,-84.5332723,QueryString,f?=.*,http://selfie.cuahsi.org/MOPEX/03410500?f=${C:f:1}
https://geoconnex.us/cuahsi/his/MOPEX/03438000,http://selfie.cuahsi.org/MOPEX/03438000,acastronova@cuahsi.org,03438000,36.77782614,-87.721682,QueryString,f?=.*,http://selfie.cuahsi.org/MOPEX/03438000?f=${C:f:1}
https://geoconnex.us/cuahsi/his/MOPEX/02492000,http://selfie.cuahsi.org/MOPEX/02492000,acastronova@cuahsi.org,02492000,30.62935636,-89.8972956,QueryString,f?=.*,http://selfie.cuahsi.org/MOPEX/02492000?f=${C:f:1}
https://geoconnex.us/cuahsi/his/MOPEX/07348000,http://selfie.cuahsi.org/MOPEX/07348000,acastronova@cuahsi.org,07348000,32.6459805,-93.8779585,QueryString,f?=.*,http://selfie.cuahsi.org/MOPEX/07348000?f=${C:f:1}
https://geoconnex.us/cuahsi/his/MOPEX/07375500,http://selfie.cuahsi.org/MOPEX/07375500,acastronova@cuahsi.org,07375500,30.50658047,-90.3617524,QueryString,f?=.*,http://selfie.cuahsi.org/MOPEX/07375500?f=${C:f:1}
https://geoconnex.us/cuahsi/his/MOPEX/07378000,http://selfie.cuahsi.org/MOPEX/07378000,acastronova@cuahsi.org,07378000,30.512689,-91.0737158,QueryString,f?=.*,http://selfie.cuahsi.org/MOPEX/07378000?f=${C:f:1}
https://geoconnex.us/cuahsi/his/MOPEX/07378500,http://selfie.cuahsi.org/MOPEX/07378500,acastronova@cuahsi.org,07378500,30.464079,-90.99038,QueryString,f?=.*,http://selfie.cuahsi.org/MOPEX/07378500?f=${C:f:1}
https://geoconnex.us/cuahsi/his/MOPEX/08013500,http://selfie.cuahsi.org/MOPEX/08013500,acastronova@cuahsi.org,08013500,30.6404757,-92.8140368,QueryString,f?=.*,http://selfie.cuahsi.org/MOPEX/08013500?f=${C:f:1}
https://geoconnex.us/cuahsi/his/MOPEX/08015500,http://selfie.cuahsi.org/MOPEX/08015500,acastronova@cuahsi.org,08015500,30.50255556,-92.9154167,QueryString,f?=.*,http://selfie.cuahsi.org/MOPEX/08015500?f=${C:f:1}
https://geoconnex.us/cuahsi/his/MOPEX/01048000,http://selfie.cuahsi.org/MOPEX/01048000,acastronova@cuahsi.org,01048000,44.70805556,-69.9375,QueryString,f?=.*,http://selfie.cuahsi.org/MOPEX/01048000?f=${C:f:1}
https://geoconnex.us/cuahsi/his/MOPEX/01055500,http://selfie.cuahsi.org/MOPEX/01055500,acastronova@cuahsi.org,01055500,44.26944444,-70.2297222,QueryString,f?=.*,http://selfie.cuahsi.org/MOPEX/01055500?f=${C:f:1}
https://geoconnex.us/cuahsi/his/MOPEX/01060000,http://selfie.cuahsi.org/MOPEX/01060000,acastronova@cuahsi.org,01060000,43.79915,-70.1782694,QueryString,f?=.*,http://selfie.cuahsi.org/MOPEX/01060000?f=${C:f:1}
https://geoconnex.us/cuahsi/his/MOPEX/01595000,http://selfie.cuahsi.org/MOPEX/01595000,acastronova@cuahsi.org,01595000,39.30188889,-79.30688889,QueryString,f?=.*,http://selfie.cuahsi.org/MOPEX/01595000?f=${C:f:1}
https://geoconnex.us/cuahsi/his/MOPEX/01610000,http://selfie.cuahsi.org/MOPEX/01610000,acastronova@cuahsi.org,01610000,39.53891667,-78.45638889,QueryString,f?=.*,http://selfie.cuahsi.org/MOPEX/01610000?f=${C:f:1}
https://geoconnex.us/cuahsi/his/MOPEX/01643000,http://selfie.cuahsi.org/MOPEX/01643000,acastronova@cuahsi.org,01643000,39.4028333,-77.3660833,QueryString,f?=.*,http://selfie.cuahsi.org/MOPEX/01643000?f=${C:f:1}
https://geoconnex.us/cuahsi/his/MOPEX/01649500,http://selfie.cuahsi.org/MOPEX/01649500,acastronova@cuahsi.org,01649500,38.96025,-76.9259722,QueryString,f?=.*,http://selfie.cuahsi.org/MOPEX/01649500?f=${C:f:1}
https://geoconnex.us/cuahsi/his/MOPEX/03075500,http://selfie.cuahsi.org/MOPEX/03075500,acastronova@cuahsi.org,03075500,39.4215833,-79.42363889,QueryString,f?=.*,http://selfie.cuahsi.org/MOPEX/03075500?f=${C:f:1}
https://geoconnex.us/cuahsi/his/MOPEX/01197500,http://selfie.cuahsi.org/MOPEX/01197500,acastronova@cuahsi.org,01197500,42.23191667,-73.3546667,QueryString,f?=.*,http://selfie.cuahsi.org/MOPEX/01197500?f=${C:f:1}
https://geoconnex.us/cuahsi/his/MOPEX/04113000,http://selfie.cuahsi.org/MOPEX/04113000,acastronova@cuahsi.org,04113000,42.75059039,-84.555257,QueryString,f?=.*,http://selfie.cuahsi.org/MOPEX/04113000?f=${C:f:1}
https://geoconnex.us/cuahsi/his/MOPEX/04115000,http://selfie.cuahsi.org/MOPEX/04115000,acastronova@cuahsi.org,04115000,43.10975485,-84.6930521,QueryString,f?=.*,http://selfie.cuahsi.org/MOPEX/04115000?f=${C:f:1}
https://geoconnex.us/cuahsi/his/MOPEX/04144000,http://selfie.cuahsi.org/MOPEX/04144000,acastronova@cuahsi.org,04144000,42.8236424,-83.94579169,QueryString,f?=.*,http://selfie.cuahsi.org/MOPEX/04144000?f=${C:f:1}
https://geoconnex.us/cuahsi/his/MOPEX/04164000,http://selfie.cuahsi.org/MOPEX/04164000,acastronova@cuahsi.org,04164000,42.57781225,-82.951589,QueryString,f?=.*,http://selfie.cuahsi.org/MOPEX/04164000?f=${C:f:1}
https://geoconnex.us/cuahsi/his/MOPEX/04165500,http://selfie.cuahsi.org/MOPEX/04165500,acastronova@cuahsi.org,04165500,42.5958674,-82.90881,QueryString,f?=.*,http://selfie.cuahsi.org/MOPEX/04165500?f=${C:f:1}
https://geoconnex.us/cuahsi/his/MOPEX/04176500,http://selfie.cuahsi.org/MOPEX/04176500,acastronova@cuahsi.org,04176500,41.9606008,-83.53104619,QueryString,f?=.*,http://selfie.cuahsi.org/MOPEX/04176500?f=${C:f:1}
https://geoconnex.us/cuahsi/his/MOPEX/05244000,http://selfie.cuahsi.org/MOPEX/05244000,acastronova@cuahsi.org,05244000,46.64023789,-94.8791839,QueryString,f?=.*,http://selfie.cuahsi.org/MOPEX/05244000?f=${C:f:1}
https://geoconnex.us/cuahsi/his/MOPEX/05280000,http://selfie.cuahsi.org/MOPEX/05280000,acastronova@cuahsi.org,05280000,45.0866297,-93.734132,QueryString,f?=.*,http://selfie.cuahsi.org/MOPEX/05280000?f=${C:f:1}
https://geoconnex.us/cuahsi/his/MOPEX/05320500,http://selfie.cuahsi.org/MOPEX/05320500,acastronova@cuahsi.org,05320500,44.10968777,-94.0419002,QueryString,f?=.*,http://selfie.cuahsi.org/MOPEX/05320500?f=${C:f:1}
https://geoconnex.us/cuahsi/his/MOPEX/02437000,http://selfie.cuahsi.org/MOPEX/02437000,acastronova@cuahsi.org,02437000,33.98555556,-88.5511111,QueryString,f?=.*,http://selfie.cuahsi.org/MOPEX/02437000?f=${C:f:1}
https://geoconnex.us/cuahsi/his/MOPEX/02448000,http://selfie.cuahsi.org/MOPEX/02448000,acastronova@cuahsi.org,02448000,33.0723611,-88.5587778,QueryString,f?=.*,http://selfie.cuahsi.org/MOPEX/02448000?f=${C:f:1}
https://geoconnex.us/cuahsi/his/MOPEX/02472000,http://selfie.cuahsi.org/MOPEX/02472000,acastronova@cuahsi.org,02472000,31.70694444,-89.4069444,QueryString,f?=.*,http://selfie.cuahsi.org/MOPEX/02472000?f=${C:f:1}
https://geoconnex.us/cuahsi/his/MOPEX/02475000,http://selfie.cuahsi.org/MOPEX/02475000,acastronova@cuahsi.org,02475000,31.10277778,-88.8083333,QueryString,f?=.*,http://selfie.cuahsi.org/MOPEX/02475000?f=${C:f:1}
https://geoconnex.us/cuahsi/his/MOPEX/02475500,http://selfie.cuahsi.org/MOPEX/02475500,acastronova@cuahsi.org,02475500,32.3261111,-88.9091667,QueryString,f?=.*,http://selfie.cuahsi.org/MOPEX/02475500?f=${C:f:1}
https://geoconnex.us/cuahsi/his/MOPEX/02478500,http://selfie.cuahsi.org/MOPEX/02478500,acastronova@cuahsi.org,02478500,31.1486111,-88.5480556,QueryString,f?=.*,http://selfie.cuahsi.org/MOPEX/02478500?f=${C:f:1}
https://geoconnex.us/cuahsi/his/MOPEX/02479300,http://selfie.cuahsi.org/MOPEX/02479300,acastronova@cuahsi.org,02479300,30.7361111,-88.7811111,QueryString,f?=.*,http://selfie.cuahsi.org/MOPEX/02479300?f=${C:f:1}
https://geoconnex.us/cuahsi/his/MOPEX/02482000,http://selfie.cuahsi.org/MOPEX/02482000,acastronova@cuahsi.org,02482000,32.79888889,-89.335,QueryString,f?=.*,http://selfie.cuahsi.org/MOPEX/02482000?f=${C:f:1}
https://geoconnex.us/cuahsi/his/MOPEX/02486000,http://selfie.cuahsi.org/MOPEX/02486000,acastronova@cuahsi.org,02486000,32.28138889,-90.1788889,QueryString,f?=.*,http://selfie.cuahsi.org/MOPEX/02486000?f=${C:f:1}
https://geoconnex.us/cuahsi/his/MOPEX/07288500,http://selfie.cuahsi.org/MOPEX/07288500,acastronova@cuahsi.org,07288500,33.5473397,-90.5431441,QueryString,f?=.*,http://selfie.cuahsi.org/MOPEX/07288500?f=${C:f:1}
https://geoconnex.us/cuahsi/his/MOPEX/07289500,http://selfie.cuahsi.org/MOPEX/07289500,acastronova@cuahsi.org,07289500,32.8806878,-89.9661952,QueryString,f?=.*,http://selfie.cuahsi.org/MOPEX/07289500?f=${C:f:1}
https://geoconnex.us/cuahsi/his/MOPEX/07290000,http://selfie.cuahsi.org/MOPEX/07290000,acastronova@cuahsi.org,07290000,32.34777778,-90.6969444,QueryString,f?=.*,http://selfie.cuahsi.org/MOPEX/07290000?f=${C:f:1}
https://geoconnex.us/cuahsi/his/MOPEX/05507500,http://selfie.cuahsi.org/MOPEX/05507500,acastronova@cuahsi.org,05507500,39.5403192,-91.6723812,QueryString,f?=.*,http://selfie.cuahsi.org/MOPEX/05507500?f=${C:f:1}
https://geoconnex.us/cuahsi/his/MOPEX/05508000,http://selfie.cuahsi.org/MOPEX/05508000,acastronova@cuahsi.org,05508000,39.6123333,-91.4073056,QueryString,f?=.*,http://selfie.cuahsi.org/MOPEX/05508000?f=${C:f:1}
https://geoconnex.us/cuahsi/his/MOPEX/05514500,http://selfie.cuahsi.org/MOPEX/05514500,acastronova@cuahsi.org,05514500,39.00880556,-90.9775278,QueryString,f?=.*,http://selfie.cuahsi.org/MOPEX/05514500?f=${C:f:1}
https://geoconnex.us/cuahsi/his/MOPEX/06813000,http://selfie.cuahsi.org/MOPEX/06813000,acastronova@cuahsi.org,06813000,40.3391833,-95.4059056,QueryString,f?=.*,http://selfie.cuahsi.org/MOPEX/06813000?f=${C:f:1}
https://geoconnex.us/cuahsi/his/MOPEX/06817500,http://selfie.cuahsi.org/MOPEX/06817500,acastronova@cuahsi.org,06817500,40.44488056,-95.0888972,QueryString,f?=.*,http://selfie.cuahsi.org/MOPEX/06817500?f=${C:f:1}
https://geoconnex.us/cuahsi/his/MOPEX/06820500,http://selfie.cuahsi.org/MOPEX/06820500,acastronova@cuahsi.org,06820500,39.68802778,-94.7026111,QueryString,f?=.*,http://selfie.cuahsi.org/MOPEX/06820500?f=${C:f:1}
https://geoconnex.us/cuahsi/his/MOPEX/06894000,http://selfie.cuahsi.org/MOPEX/06894000,acastronova@cuahsi.org,06894000,39.1005609,-94.3005038,QueryString,f?=.*,http://selfie.cuahsi.org/MOPEX/06894000?f=${C:f:1}
https://geoconnex.us/cuahsi/his/MOPEX/06897500,http://selfie.cuahsi.org/MOPEX/06897500,acastronova@cuahsi.org,06897500,39.9269517,-93.9427225,QueryString,f?=.*,http://selfie.cuahsi.org/MOPEX/06897500?f=${C:f:1}
https://geoconnex.us/cuahsi/his/MOPEX/06899500,http://selfie.cuahsi.org/MOPEX/06899500,acastronova@cuahsi.org,06899500,40.06930556,-93.6380278,QueryString,f?=.*,http://selfie.cuahsi.org/MOPEX/06899500?f=${C:f:1}
https://geoconnex.us/cuahsi/his/MOPEX/06908000,http://selfie.cuahsi.org/MOPEX/06908000,acastronova@cuahsi.org,06908000,38.99224236,-93.1968713,QueryString,f?=.*,http://selfie.cuahsi.org/MOPEX/06908000?f=${C:f:1}
https://geoconnex.us/cuahsi/his/MOPEX/06928000,http://selfie.cuahsi.org/MOPEX/06928000,acastronova@cuahsi.org,06928000,37.75920725,-92.4518383,QueryString,f?=.*,http://selfie.cuahsi.org/MOPEX/06928000?f=${C:f:1}
https://geoconnex.us/cuahsi/his/MOPEX/06933500,http://selfie.cuahsi.org/MOPEX/06933500,acastronova@cuahsi.org,06933500,37.92991667,-91.9773333,QueryString,f?=.*,http://selfie.cuahsi.org/MOPEX/06933500?f=${C:f:1}
https://geoconnex.us/cuahsi/his/MOPEX/07019000,http://selfie.cuahsi.org/MOPEX/07019000,acastronova@cuahsi.org,07019000,38.5056094,-90.591792,QueryString,f?=.*,http://selfie.cuahsi.org/MOPEX/07019000?f=${C:f:1}
https://geoconnex.us/cuahsi/his/MOPEX/07052500,http://selfie.cuahsi.org/MOPEX/07052500,acastronova@cuahsi.org,07052500,36.80538889,-93.4615833,QueryString,f?=.*,http://selfie.cuahsi.org/MOPEX/07052500?f=${C:f:1}
https://geoconnex.us/cuahsi/his/MOPEX/07057500,http://selfie.cuahsi.org/MOPEX/07057500,acastronova@cuahsi.org,07057500,36.62302778,-92.2481389,QueryString,f?=.*,http://selfie.cuahsi.org/MOPEX/07057500?f=${C:f:1}
https://geoconnex.us/cuahsi/his/MOPEX/07058000,http://selfie.cuahsi.org/MOPEX/07058000,acastronova@cuahsi.org,07058000,36.6272222,-92.3060556,QueryString,f?=.*,http://selfie.cuahsi.org/MOPEX/07058000?f=${C:f:1}
https://geoconnex.us/cuahsi/his/MOPEX/07067000,http://selfie.cuahsi.org/MOPEX/07067000,acastronova@cuahsi.org,07067000,36.99138889,-91.0135,QueryString,f?=.*,http://selfie.cuahsi.org/MOPEX/07067000?f=${C:f:1}
https://geoconnex.us/cuahsi/his/MOPEX/07068000,http://selfie.cuahsi.org/MOPEX/07068000,acastronova@cuahsi.org,07068000,36.62200294,-90.8476225,QueryString,f?=.*,http://selfie.cuahsi.org/MOPEX/07068000?f=${C:f:1}
https://geoconnex.us/cuahsi/his/MOPEX/07186000,http://selfie.cuahsi.org/MOPEX/07186000,acastronova@cuahsi.org,07186000,37.2456111,-94.5664167,QueryString,f?=.*,http://selfie.cuahsi.org/MOPEX/07186000?f=${C:f:1}
https://geoconnex.us/cuahsi/his/MOPEX/06191500,http://selfie.cuahsi.org/MOPEX/06191500,acastronova@cuahsi.org,06191500,45.1121194,-110.7936667,QueryString,f?=.*,http://selfie.cuahsi.org/MOPEX/06191500?f=${C:f:1}
https://geoconnex.us/cuahsi/his/MOPEX/06192500,http://selfie.cuahsi.org/MOPEX/06192500,acastronova@cuahsi.org,06192500,45.5972111,-110.5664972,QueryString,f?=.*,http://selfie.cuahsi.org/MOPEX/06192500?f=${C:f:1}
https://geoconnex.us/cuahsi/his/MOPEX/12340000,http://selfie.cuahsi.org/MOPEX/12340000,acastronova@cuahsi.org,12340000,46.8994111,-113.7563194,QueryString,f?=.*,http://selfie.cuahsi.org/MOPEX/12340000?f=${C:f:1}
https://geoconnex.us/cuahsi/his/MOPEX/12358500,http://selfie.cuahsi.org/MOPEX/12358500,acastronova@cuahsi.org,12358500,48.49551667,-114.0102083,QueryString,f?=.*,http://selfie.cuahsi.org/MOPEX/12358500?f=${C:f:1}
https://geoconnex.us/cuahsi/his/MOPEX/06454500,http://selfie.cuahsi.org/MOPEX/06454500,acastronova@cuahsi.org,06454500,42.4597222,-103.1711111,QueryString,f?=.*,http://selfie.cuahsi.org/MOPEX/06454500?f=${C:f:1}
https://geoconnex.us/cuahsi/his/MOPEX/06799500,http://selfie.cuahsi.org/MOPEX/06799500,acastronova@cuahsi.org,06799500,41.71277778,-96.5219444,QueryString,f?=.*,http://selfie.cuahsi.org/MOPEX/06799500?f=${C:f:1}
https://geoconnex.us/cuahsi/his/MOPEX/06811500,http://selfie.cuahsi.org/MOPEX/06811500,acastronova@cuahsi.org,06811500,40.39277778,-95.8127778,QueryString,f?=.*,http://selfie.cuahsi.org/MOPEX/06811500?f=${C:f:1}
https://geoconnex.us/cuahsi/his/MOPEX/06815000,http://selfie.cuahsi.org/MOPEX/06815000,acastronova@cuahsi.org,06815000,40.0355577,-95.5960957,QueryString,f?=.*,http://selfie.cuahsi.org/MOPEX/06815000?f=${C:f:1}
https://geoconnex.us/cuahsi/his/MOPEX/06847000,http://selfie.cuahsi.org/MOPEX/06847000,acastronova@cuahsi.org,06847000,40.1200068,-99.8934566,QueryString,f?=.*,http://selfie.cuahsi.org/MOPEX/06847000?f=${C:f:1}
https://geoconnex.us/cuahsi/his/MOPEX/06883000,http://selfie.cuahsi.org/MOPEX/06883000,acastronova@cuahsi.org,06883000,40.3325,-98.0669444,QueryString,f?=.*,http://selfie.cuahsi.org/MOPEX/06883000?f=${C:f:1}
https://geoconnex.us/cuahsi/his/MOPEX/10301500,http://selfie.cuahsi.org/MOPEX/10301500,acastronova@cuahsi.org,10301500,39.1524611,-119.0988889,QueryString,f?=.*,http://selfie.cuahsi.org/MOPEX/10301500?f=${C:f:1}
https://geoconnex.us/cuahsi/his/MOPEX/10309000,http://selfie.cuahsi.org/MOPEX/10309000,acastronova@cuahsi.org,10309000,38.84519444,-119.7060833,QueryString,f?=.*,http://selfie.cuahsi.org/MOPEX/10309000?f=${C:f:1}
https://geoconnex.us/cuahsi/his/MOPEX/10312000,http://selfie.cuahsi.org/MOPEX/10312000,acastronova@cuahsi.org,10312000,39.29166667,-119.311111,QueryString,f?=.*,http://selfie.cuahsi.org/MOPEX/10312000?f=${C:f:1}
https://geoconnex.us/cuahsi/his/MOPEX/01064500,http://selfie.cuahsi.org/MOPEX/01064500,acastronova@cuahsi.org,01064500,43.9908333,-71.0905556,QueryString,f?=.*,http://selfie.cuahsi.org/MOPEX/01064500?f=${C:f:1}
https://geoconnex.us/cuahsi/his/MOPEX/01076500,http://selfie.cuahsi.org/MOPEX/01076500,acastronova@cuahsi.org,01076500,43.7592388,-71.6856337,QueryString,f?=.*,http://selfie.cuahsi.org/MOPEX/01076500?f=${C:f:1}
https://geoconnex.us/cuahsi/his/MOPEX/01138000,http://selfie.cuahsi.org/MOPEX/01138000,acastronova@cuahsi.org,01138000,44.15395258,-71.9856454,QueryString,f?=.*,http://selfie.cuahsi.org/MOPEX/01138000?f=${C:f:1}
https://geoconnex.us/cuahsi/his/MOPEX/01445000,http://selfie.cuahsi.org/MOPEX/01445000,acastronova@cuahsi.org,01445000,40.9808333,-74.77638889,QueryString,f?=.*,http://selfie.cuahsi.org/MOPEX/01445000?f=${C:f:1}
https://geoconnex.us/cuahsi/his/MOPEX/01445500,http://selfie.cuahsi.org/MOPEX/01445500,acastronova@cuahsi.org,01445500,40.83055556,-74.97777778,QueryString,f?=.*,http://selfie.cuahsi.org/MOPEX/01445500?f=${C:f:1}
https://geoconnex.us/cuahsi/his/MOPEX/07211500,http://selfie.cuahsi.org/MOPEX/07211500,acastronova@cuahsi.org,07211500,36.29756944,-104.4954722,QueryString,f?=.*,http://selfie.cuahsi.org/MOPEX/07211500?f=${C:f:1}
https://geoconnex.us/cuahsi/his/MOPEX/07221000,http://selfie.cuahsi.org/MOPEX/07221000,acastronova@cuahsi.org,07221000,35.80031784,-104.7833275,QueryString,f?=.*,http://selfie.cuahsi.org/MOPEX/07221000?f=${C:f:1}
https://geoconnex.us/cuahsi/his/MOPEX/07222500,http://selfie.cuahsi.org/MOPEX/07222500,acastronova@cuahsi.org,07222500,35.40282567,-104.4435938,QueryString,f?=.*,http://selfie.cuahsi.org/MOPEX/07222500?f=${C:f:1}
https://geoconnex.us/cuahsi/his/MOPEX/08340500,http://selfie.cuahsi.org/MOPEX/08340500,acastronova@cuahsi.org,08340500,35.59225,-107.1894444,QueryString,f?=.*,http://selfie.cuahsi.org/MOPEX/08340500?f=${C:f:1}
https://geoconnex.us/cuahsi/his/MOPEX/09430500,http://selfie.cuahsi.org/MOPEX/09430500,acastronova@cuahsi.org,09430500,33.06150278,-108.5373861,QueryString,f?=.*,http://selfie.cuahsi.org/MOPEX/09430500?f=${C:f:1}
https://geoconnex.us/cuahsi/his/MOPEX/09431500,http://selfie.cuahsi.org/MOPEX/09431500,acastronova@cuahsi.org,09431500,32.72694444,-108.6755556,QueryString,f?=.*,http://selfie.cuahsi.org/MOPEX/09431500?f=${C:f:1}
https://geoconnex.us/cuahsi/his/MOPEX/09442692,http://selfie.cuahsi.org/MOPEX/09442692,acastronova@cuahsi.org,09442692,33.89144118,-108.5156166,QueryString,f?=.*,http://selfie.cuahsi.org/MOPEX/09442692?f=${C:f:1}
https://geoconnex.us/cuahsi/his/MOPEX/01200000,http://selfie.cuahsi.org/MOPEX/01200000,acastronova@cuahsi.org,01200000,41.65876389,-73.5286833,QueryString,f?=.*,http://selfie.cuahsi.org/MOPEX/01200000?f=${C:f:1}
https://geoconnex.us/cuahsi/his/MOPEX/01321000,http://selfie.cuahsi.org/MOPEX/01321000,acastronova@cuahsi.org,01321000,43.35277778,-74.27027778,QueryString,f?=.*,http://selfie.cuahsi.org/MOPEX/01321000?f=${C:f:1}
https://geoconnex.us/cuahsi/his/MOPEX/01329500,http://selfie.cuahsi.org/MOPEX/01329500,acastronova@cuahsi.org,01329500,43.10146518,-73.4315014,QueryString,f?=.*,http://selfie.cuahsi.org/MOPEX/01329500?f=${C:f:1}
https://geoconnex.us/cuahsi/his/MOPEX/01334500,http://selfie.cuahsi.org/MOPEX/01334500,acastronova@cuahsi.org,01334500,42.9386111,-73.3769444,QueryString,f?=.*,http://selfie.cuahsi.org/MOPEX/01334500?f=${C:f:1}
https://geoconnex.us/cuahsi/his/MOPEX/01348000,http://selfie.cuahsi.org/MOPEX/01348000,acastronova@cuahsi.org,01348000,43.01666667,-74.7408333,QueryString,f?=.*,http://selfie.cuahsi.org/MOPEX/01348000?f=${C:f:1}
https://geoconnex.us/cuahsi/his/MOPEX/01361000,http://selfie.cuahsi.org/MOPEX/01361000,acastronova@cuahsi.org,01361000,42.33055556,-73.74388889,QueryString,f?=.*,http://selfie.cuahsi.org/MOPEX/01361000?f=${C:f:1}
https://geoconnex.us/cuahsi/his/MOPEX/01371500,http://selfie.cuahsi.org/MOPEX/01371500,acastronova@cuahsi.org,01371500,41.6861111,-74.16527778,QueryString,f?=.*,http://selfie.cuahsi.org/MOPEX/01371500?f=${C:f:1}
https://geoconnex.us/cuahsi/his/MOPEX/01372500,http://selfie.cuahsi.org/MOPEX/01372500,acastronova@cuahsi.org,01372500,41.65305556,-73.8725,QueryString,f?=.*,http://selfie.cuahsi.org/MOPEX/01372500?f=${C:f:1}
https://geoconnex.us/cuahsi/his/MOPEX/01421000,http://selfie.cuahsi.org/MOPEX/01421000,acastronova@cuahsi.org,01421000,41.97305556,-75.1741667,QueryString,f?=.*,http://selfie.cuahsi.org/MOPEX/01421000?f=${C:f:1}
https://geoconnex.us/cuahsi/his/MOPEX/01423000,http://selfie.cuahsi.org/MOPEX/01423000,acastronova@cuahsi.org,01423000,42.1661111,-75.14,QueryString,f?=.*,http://selfie.cuahsi.org/MOPEX/01423000?f=${C:f:1}
https://geoconnex.us/cuahsi/his/MOPEX/01426500,http://selfie.cuahsi.org/MOPEX/01426500,acastronova@cuahsi.org,01426500,42.00305556,-75.3836111,QueryString,f?=.*,http://selfie.cuahsi.org/MOPEX/01426500?f=${C:f:1}
https://geoconnex.us/cuahsi/his/MOPEX/01503000,http://selfie.cuahsi.org/MOPEX/01503000,acastronova@cuahsi.org,01503000,42.03527778,-75.8030556,QueryString,f?=.*,http://selfie.cuahsi.org/MOPEX/01503000?f=${C:f:1}
https://geoconnex.us/cuahsi/his/MOPEX/01512500,http://selfie.cuahsi.org/MOPEX/01512500,acastronova@cuahsi.org,01512500,42.21805556,-75.8483333,QueryString,f?=.*,http://selfie.cuahsi.org/MOPEX/01512500?f=${C:f:1}
https://geoconnex.us/cuahsi/his/MOPEX/01514000,http://selfie.cuahsi.org/MOPEX/01514000,acastronova@cuahsi.org,01514000,42.12916667,-76.2705556,QueryString,f?=.*,http://selfie.cuahsi.org/MOPEX/01514000?f=${C:f:1}
https://geoconnex.us/cuahsi/his/MOPEX/01520500,http://selfie.cuahsi.org/MOPEX/01520500,acastronova@cuahsi.org,01520500,42.0286111,-77.1322222,QueryString,f?=.*,http://selfie.cuahsi.org/MOPEX/01520500?f=${C:f:1}
https://geoconnex.us/cuahsi/his/MOPEX/01531000,http://selfie.cuahsi.org/MOPEX/01531000,acastronova@cuahsi.org,01531000,42.0022222,-76.6347222,QueryString,f?=.*,http://selfie.cuahsi.org/MOPEX/01531000?f=${C:f:1}
https://geoconnex.us/cuahsi/his/MOPEX/03011020,http://selfie.cuahsi.org/MOPEX/03011020,acastronova@cuahsi.org,03011020,42.15638889,-78.7152778,QueryString,f?=.*,http://selfie.cuahsi.org/MOPEX/03011020?f=${C:f:1}
https://geoconnex.us/cuahsi/his/MOPEX/04221000,http://selfie.cuahsi.org/MOPEX/04221000,acastronova@cuahsi.org,04221000,42.1222222,-77.9572222,QueryString,f?=.*,http://selfie.cuahsi.org/MOPEX/04221000?f=${C:f:1}
https://geoconnex.us/cuahsi/his/MOPEX/04221500,http://selfie.cuahsi.org/MOPEX/04221500,acastronova@cuahsi.org,04221500,42.16388889,-77.9802778,QueryString,f?=.*,http://selfie.cuahsi.org/MOPEX/04221500?f=${C:f:1}
https://geoconnex.us/cuahsi/his/MOPEX/04223000,http://selfie.cuahsi.org/MOPEX/04223000,acastronova@cuahsi.org,04223000,42.57027778,-78.0422222,QueryString,f?=.*,http://selfie.cuahsi.org/MOPEX/04223000?f=${C:f:1}
https://geoconnex.us/cuahsi/his/MOPEX/02083500,http://selfie.cuahsi.org/MOPEX/02083500,acastronova@cuahsi.org,02083500,35.89444444,-77.5330556,QueryString,f?=.*,http://selfie.cuahsi.org/MOPEX/02083500?f=${C:f:1}
https://geoconnex.us/cuahsi/his/MOPEX/02102000,http://selfie.cuahsi.org/MOPEX/02102000,acastronova@cuahsi.org,02102000,35.62694444,-79.1161111,QueryString,f?=.*,http://selfie.cuahsi.org/MOPEX/02102000?f=${C:f:1}
https://geoconnex.us/cuahsi/his/MOPEX/02116500,http://selfie.cuahsi.org/MOPEX/02116500,acastronova@cuahsi.org,02116500,35.85666667,-80.3869444,QueryString,f?=.*,http://selfie.cuahsi.org/MOPEX/02116500?f=${C:f:1}
https://geoconnex.us/cuahsi/his/MOPEX/02118000,http://selfie.cuahsi.org/MOPEX/02118000,acastronova@cuahsi.org,02118000,35.845,-80.65888889,QueryString,f?=.*,http://selfie.cuahsi.org/MOPEX/02118000?f=${C:f:1}
https://geoconnex.us/cuahsi/his/MOPEX/02121000,http://selfie.cuahsi.org/MOPEX/02121000,acastronova@cuahsi.org,02121000,35.7251388,-80.3970003,QueryString,f?=.*,http://selfie.cuahsi.org/MOPEX/02121000?f=${C:f:1}
https://geoconnex.us/cuahsi/his/MOPEX/02126000,http://selfie.cuahsi.org/MOPEX/02126000,acastronova@cuahsi.org,02126000,35.14888889,-80.1758333,QueryString,f?=.*,http://selfie.cuahsi.org/MOPEX/02126000?f=${C:f:1}
https://geoconnex.us/cuahsi/his/MOPEX/02138500,http://selfie.cuahsi.org/MOPEX/02138500,acastronova@cuahsi.org,02138500,35.79555556,-81.8911111,QueryString,f?=.*,http://selfie.cuahsi.org/MOPEX/02138500?f=${C:f:1}
https://geoconnex.us/cuahsi/his/MOPEX/02143000,http://selfie.cuahsi.org/MOPEX/02143000,acastronova@cuahsi.org,02143000,35.68444444,-81.4033333,QueryString,f?=.*,http://selfie.cuahsi.org/MOPEX/02143000?f=${C:f:1}
https://geoconnex.us/cuahsi/his/MOPEX/02143040,http://selfie.cuahsi.org/MOPEX/02143040,acastronova@cuahsi.org,02143040,35.59055556,-81.5669444,QueryString,f?=.*,http://selfie.cuahsi.org/MOPEX/02143040?f=${C:f:1}
https://geoconnex.us/cuahsi/his/MOPEX/02143500,http://selfie.cuahsi.org/MOPEX/02143500,acastronova@cuahsi.org,02143500,35.42055556,-81.2652778,QueryString,f?=.*,http://selfie.cuahsi.org/MOPEX/02143500?f=${C:f:1}
https://geoconnex.us/cuahsi/his/MOPEX/03161000,http://selfie.cuahsi.org/MOPEX/03161000,acastronova@cuahsi.org,03161000,36.3933333,-81.4069444,QueryString,f?=.*,http://selfie.cuahsi.org/MOPEX/03161000?f=${C:f:1}
https://geoconnex.us/cuahsi/his/MOPEX/03443000,http://selfie.cuahsi.org/MOPEX/03443000,acastronova@cuahsi.org,03443000,35.29916667,-82.62388889,QueryString,f?=.*,http://selfie.cuahsi.org/MOPEX/03443000?f=${C:f:1}
https://geoconnex.us/cuahsi/his/MOPEX/03448000,http://selfie.cuahsi.org/MOPEX/03448000,acastronova@cuahsi.org,03448000,35.50205666,-82.5923464,QueryString,f?=.*,http://selfie.cuahsi.org/MOPEX/03448000?f=${C:f:1}
https://geoconnex.us/cuahsi/his/MOPEX/03451500,http://selfie.cuahsi.org/MOPEX/03451500,acastronova@cuahsi.org,03451500,35.60888889,-82.5780556,QueryString,f?=.*,http://selfie.cuahsi.org/MOPEX/03451500?f=${C:f:1}
https://geoconnex.us/cuahsi/his/MOPEX/03504000,http://selfie.cuahsi.org/MOPEX/03504000,acastronova@cuahsi.org,03504000,35.1275,-83.6186111,QueryString,f?=.*,http://selfie.cuahsi.org/MOPEX/03504000?f=${C:f:1}
https://geoconnex.us/cuahsi/his/MOPEX/03512000,http://selfie.cuahsi.org/MOPEX/03512000,acastronova@cuahsi.org,03512000,35.46138889,-83.3536111,QueryString,f?=.*,http://selfie.cuahsi.org/MOPEX/03512000?f=${C:f:1}
https://geoconnex.us/cuahsi/his/MOPEX/03550000,http://selfie.cuahsi.org/MOPEX/03550000,acastronova@cuahsi.org,03550000,35.13888889,-83.9805556,QueryString,f?=.*,http://selfie.cuahsi.org/MOPEX/03550000?f=${C:f:1}
https://geoconnex.us/cuahsi/his/MOPEX/05053000,http://selfie.cuahsi.org/MOPEX/05053000,acastronova@cuahsi.org,05053000,46.4705168,-96.7823018,QueryString,f?=.*,http://selfie.cuahsi.org/MOPEX/05053000?f=${C:f:1}
https://geoconnex.us/cuahsi/his/MOPEX/06340500,http://selfie.cuahsi.org/MOPEX/06340500,acastronova@cuahsi.org,06340500,47.2852816,-101.6221093,QueryString,f?=.*,http://selfie.cuahsi.org/MOPEX/06340500?f=${C:f:1}
https://geoconnex.us/cuahsi/his/MOPEX/03109500,http://selfie.cuahsi.org/MOPEX/03109500,acastronova@cuahsi.org,03109500,40.6758974,-80.5406244,QueryString,f?=.*,http://selfie.cuahsi.org/MOPEX/03109500?f=${C:f:1}
https://geoconnex.us/cuahsi/his/MOPEX/03111500,http://selfie.cuahsi.org/MOPEX/03111500,acastronova@cuahsi.org,03111500,40.19340427,-80.7342482,QueryString,f?=.*,http://selfie.cuahsi.org/MOPEX/03111500?f=${C:f:1}
https://geoconnex.us/cuahsi/his/MOPEX/03136000,http://selfie.cuahsi.org/MOPEX/03136000,acastronova@cuahsi.org,03136000,40.51478548,-82.1954356,QueryString,f?=.*,http://selfie.cuahsi.org/MOPEX/03136000?f=${C:f:1}
https://geoconnex.us/cuahsi/his/MOPEX/03159500,http://selfie.cuahsi.org/MOPEX/03159500,acastronova@cuahsi.org,03159500,39.32896188,-82.0876439,QueryString,f?=.*,http://selfie.cuahsi.org/MOPEX/03159500?f=${C:f:1}
https://geoconnex.us/cuahsi/his/MOPEX/03237500,http://selfie.cuahsi.org/MOPEX/03237500,acastronova@cuahsi.org,03237500,38.8036838,-83.4210226,QueryString,f?=.*,http://selfie.cuahsi.org/MOPEX/03237500?f=${C:f:1}
https://geoconnex.us/cuahsi/his/MOPEX/03238500,http://selfie.cuahsi.org/MOPEX/03238500,acastronova@cuahsi.org,03238500,38.85812494,-83.9285394,QueryString,f?=.*,http://selfie.cuahsi.org/MOPEX/03238500?f=${C:f:1}
https://geoconnex.us/cuahsi/his/MOPEX/03265000,http://selfie.cuahsi.org/MOPEX/03265000,acastronova@cuahsi.org,03265000,40.05782925,-84.3560589,QueryString,f?=.*,http://selfie.cuahsi.org/MOPEX/03265000?f=${C:f:1}
https://geoconnex.us/cuahsi/his/MOPEX/03266000,http://selfie.cuahsi.org/MOPEX/03266000,acastronova@cuahsi.org,03266000,39.87033349,-84.2860557,QueryString,f?=.*,http://selfie.cuahsi.org/MOPEX/03266000?f=${C:f:1}
https://geoconnex.us/cuahsi/his/MOPEX/03269500,http://selfie.cuahsi.org/MOPEX/03269500,acastronova@cuahsi.org,03269500,39.92311527,-83.8702081,QueryString,f?=.*,http://selfie.cuahsi.org/MOPEX/03269500?f=${C:f:1}
https://geoconnex.us/cuahsi/his/MOPEX/03274000,http://selfie.cuahsi.org/MOPEX/03274000,acastronova@cuahsi.org,03274000,39.3911674,-84.572169,QueryString,f?=.*,http://selfie.cuahsi.org/MOPEX/03274000?f=${C:f:1}
https://geoconnex.us/cuahsi/his/MOPEX/04178000,http://selfie.cuahsi.org/MOPEX/04178000,acastronova@cuahsi.org,04178000,41.3853283,-84.8016259,QueryString,f?=.*,http://selfie.cuahsi.org/MOPEX/04178000?f=${C:f:1}
https://geoconnex.us/cuahsi/his/MOPEX/04183500,http://selfie.cuahsi.org/MOPEX/04183500,acastronova@cuahsi.org,04183500,41.19893889,-84.7444033,QueryString,f?=.*,http://selfie.cuahsi.org/MOPEX/04183500?f=${C:f:1}
https://geoconnex.us/cuahsi/his/MOPEX/04185000,http://selfie.cuahsi.org/MOPEX/04185000,acastronova@cuahsi.org,04185000,41.50449567,-84.4296719,QueryString,f?=.*,http://selfie.cuahsi.org/MOPEX/04185000?f=${C:f:1}
https://geoconnex.us/cuahsi/his/MOPEX/04191500,http://selfie.cuahsi.org/MOPEX/04191500,acastronova@cuahsi.org,04191500,41.23754895,-84.3991137,QueryString,f?=.*,http://selfie.cuahsi.org/MOPEX/04191500?f=${C:f:1}
https://geoconnex.us/cuahsi/his/MOPEX/04198000,http://selfie.cuahsi.org/MOPEX/04198000,acastronova@cuahsi.org,04198000,41.3078307,-83.1588088,QueryString,f?=.*,http://selfie.cuahsi.org/MOPEX/04198000?f=${C:f:1}
https://geoconnex.us/cuahsi/his/MOPEX/04201500,http://selfie.cuahsi.org/MOPEX/04201500,acastronova@cuahsi.org,04201500,41.4067149,-81.8870822,QueryString,f?=.*,http://selfie.cuahsi.org/MOPEX/04201500?f=${C:f:1}
https://geoconnex.us/cuahsi/his/MOPEX/04212000,http://selfie.cuahsi.org/MOPEX/04212000,acastronova@cuahsi.org,04212000,41.74060836,-81.0464854,QueryString,f?=.*,http://selfie.cuahsi.org/MOPEX/04212000?f=${C:f:1}
https://geoconnex.us/cuahsi/his/MOPEX/07152000,http://selfie.cuahsi.org/MOPEX/07152000,acastronova@cuahsi.org,07152000,36.8114211,-97.277265,QueryString,f?=.*,http://selfie.cuahsi.org/MOPEX/07152000?f=${C:f:1}
https://geoconnex.us/cuahsi/his/MOPEX/07163000,http://selfie.cuahsi.org/MOPEX/07163000,acastronova@cuahsi.org,07163000,36.116169,-96.8678088,QueryString,f?=.*,http://selfie.cuahsi.org/MOPEX/07163000?f=${C:f:1}
https://geoconnex.us/cuahsi/his/MOPEX/07177500,http://selfie.cuahsi.org/MOPEX/07177500,acastronova@cuahsi.org,07177500,36.27842534,-95.954162,QueryString,f?=.*,http://selfie.cuahsi.org/MOPEX/07177500?f=${C:f:1}
https://geoconnex.us/cuahsi/his/MOPEX/07196500,http://selfie.cuahsi.org/MOPEX/07196500,acastronova@cuahsi.org,07196500,35.92286888,-94.9235658,QueryString,f?=.*,http://selfie.cuahsi.org/MOPEX/07196500?f=${C:f:1}
https://geoconnex.us/cuahsi/his/MOPEX/07197000,http://selfie.cuahsi.org/MOPEX/07197000,acastronova@cuahsi.org,07197000,35.92120037,-94.8385633,QueryString,f?=.*,http://selfie.cuahsi.org/MOPEX/07197000?f=${C:f:1}
https://geoconnex.us/cuahsi/his/MOPEX/07243500,http://selfie.cuahsi.org/MOPEX/07243500,acastronova@cuahsi.org,07243500,35.6739876,-96.0686077,QueryString,f?=.*,http://selfie.cuahsi.org/MOPEX/07243500?f=${C:f:1}
https://geoconnex.us/cuahsi/his/MOPEX/11497500,http://selfie.cuahsi.org/MOPEX/11497500,acastronova@cuahsi.org,11497500,42.44709324,-121.2386083,QueryString,f?=.*,http://selfie.cuahsi.org/MOPEX/11497500?f=${C:f:1}
https://geoconnex.us/cuahsi/his/MOPEX/11501000,http://selfie.cuahsi.org/MOPEX/11501000,acastronova@cuahsi.org,11501000,42.5845809,-121.8497366,QueryString,f?=.*,http://selfie.cuahsi.org/MOPEX/11501000?f=${C:f:1}
https://geoconnex.us/cuahsi/his/MOPEX/14080500,http://selfie.cuahsi.org/MOPEX/14080500,acastronova@cuahsi.org,14080500,44.1131815,-120.7955699,QueryString,f?=.*,http://selfie.cuahsi.org/MOPEX/14080500?f=${C:f:1}
https://geoconnex.us/cuahsi/his/MOPEX/14101500,http://selfie.cuahsi.org/MOPEX/14101500,acastronova@cuahsi.org,14101500,45.24150927,-121.0950626,QueryString,f?=.*,http://selfie.cuahsi.org/MOPEX/14101500?f=${C:f:1}
https://geoconnex.us/cuahsi/his/MOPEX/14308000,http://selfie.cuahsi.org/MOPEX/14308000,acastronova@cuahsi.org,14308000,42.9303985,-122.9483872,QueryString,f?=.*,http://selfie.cuahsi.org/MOPEX/14308000?f=${C:f:1}
https://geoconnex.us/cuahsi/his/MOPEX/14321000,http://selfie.cuahsi.org/MOPEX/14321000,acastronova@cuahsi.org,14321000,43.5859502,-123.5553727,QueryString,f?=.*,http://selfie.cuahsi.org/MOPEX/14321000?f=${C:f:1}
https://geoconnex.us/cuahsi/his/MOPEX/14359000,http://selfie.cuahsi.org/MOPEX/14359000,acastronova@cuahsi.org,14359000,42.43734597,-122.9872678,QueryString,f?=.*,http://selfie.cuahsi.org/MOPEX/14359000?f=${C:f:1}
https://geoconnex.us/cuahsi/his/MOPEX/01518000,http://selfie.cuahsi.org/MOPEX/01518000,acastronova@cuahsi.org,01518000,41.90840709,-77.1294154,QueryString,f?=.*,http://selfie.cuahsi.org/MOPEX/01518000?f=${C:f:1}
https://geoconnex.us/cuahsi/his/MOPEX/01520000,http://selfie.cuahsi.org/MOPEX/01520000,acastronova@cuahsi.org,01520000,41.99674048,-77.1399724,QueryString,f?=.*,http://selfie.cuahsi.org/MOPEX/01520000?f=${C:f:1}
https://geoconnex.us/cuahsi/his/MOPEX/01534000,http://selfie.cuahsi.org/MOPEX/01534000,acastronova@cuahsi.org,01534000,41.55841008,-75.89464168,QueryString,f?=.*,http://selfie.cuahsi.org/MOPEX/01534000?f=${C:f:1}
https://geoconnex.us/cuahsi/his/MOPEX/01541000,http://selfie.cuahsi.org/MOPEX/01541000,acastronova@cuahsi.org,01541000,40.89700655,-78.6769726,QueryString,f?=.*,http://selfie.cuahsi.org/MOPEX/01541000?f=${C:f:1}
https://geoconnex.us/cuahsi/his/MOPEX/01541500,http://selfie.cuahsi.org/MOPEX/01541500,acastronova@cuahsi.org,01541500,40.97172406,-78.4058533,QueryString,f?=.*,http://selfie.cuahsi.org/MOPEX/01541500?f=${C:f:1}
https://geoconnex.us/cuahsi/his/MOPEX/01543500,http://selfie.cuahsi.org/MOPEX/01543500,acastronova@cuahsi.org,01543500,41.31728467,-78.1030596,QueryString,f?=.*,http://selfie.cuahsi.org/MOPEX/01543500?f=${C:f:1}
https://geoconnex.us/cuahsi/his/MOPEX/01548500,http://selfie.cuahsi.org/MOPEX/01548500,acastronova@cuahsi.org,01548500,41.52173586,-77.4474798,QueryString,f?=.*,http://selfie.cuahsi.org/MOPEX/01548500?f=${C:f:1}
https://geoconnex.us/cuahsi/his/MOPEX/01556000,http://selfie.cuahsi.org/MOPEX/01556000,acastronova@cuahsi.org,01556000,40.4631283,-78.199732,QueryString,f?=.*,http://selfie.cuahsi.org/MOPEX/01556000?f=${C:f:1}
https://geoconnex.us/cuahsi/his/MOPEX/01558000,http://selfie.cuahsi.org/MOPEX/01558000,acastronova@cuahsi.org,01558000,40.61256655,-78.1405645,QueryString,f?=.*,http://selfie.cuahsi.org/MOPEX/01558000?f=${C:f:1}
https://geoconnex.us/cuahsi/his/MOPEX/01559000,http://selfie.cuahsi.org/MOPEX/01559000,acastronova@cuahsi.org,01559000,40.4847958,-78.01889269,QueryString,f?=.*,http://selfie.cuahsi.org/MOPEX/01559000?f=${C:f:1}
https://geoconnex.us/cuahsi/his/MOPEX/01560000,http://selfie.cuahsi.org/MOPEX/01560000,acastronova@cuahsi.org,01560000,40.07174679,-78.4925172,QueryString,f?=.*,http://selfie.cuahsi.org/MOPEX/01560000?f=${C:f:1}
https://geoconnex.us/cuahsi/his/MOPEX/01562000,http://selfie.cuahsi.org/MOPEX/01562000,acastronova@cuahsi.org,01562000,40.21591249,-78.2652901,QueryString,f?=.*,http://selfie.cuahsi.org/MOPEX/01562000?f=${C:f:1}
https://geoconnex.us/cuahsi/his/MOPEX/01567000,http://selfie.cuahsi.org/MOPEX/01567000,acastronova@cuahsi.org,01567000,40.47841677,-77.1291484,QueryString,f?=.*,http://selfie.cuahsi.org/MOPEX/01567000?f=${C:f:1}
https://geoconnex.us/cuahsi/his/MOPEX/01574000,http://selfie.cuahsi.org/MOPEX/01574000,acastronova@cuahsi.org,01574000,40.08231745,-76.7199675,QueryString,f?=.*,http://selfie.cuahsi.org/MOPEX/01574000?f=${C:f:1}
https://geoconnex.us/cuahsi/his/MOPEX/03010500,http://selfie.cuahsi.org/MOPEX/03010500,acastronova@cuahsi.org,03010500,41.963398,-78.3861287,QueryString,f?=.*,http://selfie.cuahsi.org/MOPEX/03010500?f=${C:f:1}
https://geoconnex.us/cuahsi/his/MOPEX/03020500,http://selfie.cuahsi.org/MOPEX/03020500,acastronova@cuahsi.org,03020500,41.4817261,-79.6953304,QueryString,f?=.*,http://selfie.cuahsi.org/MOPEX/03020500?f=${C:f:1}
https://geoconnex.us/cuahsi/his/MOPEX/03024000,http://selfie.cuahsi.org/MOPEX/03024000,acastronova@cuahsi.org,03024000,41.43755525,-79.9558912,QueryString,f?=.*,http://selfie.cuahsi.org/MOPEX/03024000?f=${C:f:1}
https://geoconnex.us/cuahsi/his/MOPEX/03032500,http://selfie.cuahsi.org/MOPEX/03032500,acastronova@cuahsi.org,03032500,40.9945093,-79.3942088,QueryString,f?=.*,http://selfie.cuahsi.org/MOPEX/03032500?f=${C:f:1}
https://geoconnex.us/cuahsi/his/MOPEX/03079000,http://selfie.cuahsi.org/MOPEX/03079000,acastronova@cuahsi.org,03079000,39.85991667,-79.2288333,QueryString,f?=.*,http://selfie.cuahsi.org/MOPEX/03079000?f=${C:f:1}
https://geoconnex.us/cuahsi/his/MOPEX/02135000,http://selfie.cuahsi.org/MOPEX/02135000,acastronova@cuahsi.org,02135000,34.05710829,-79.2469897,QueryString,f?=.*,http://selfie.cuahsi.org/MOPEX/02135000?f=${C:f:1}
https://geoconnex.us/cuahsi/his/MOPEX/02156500,http://selfie.cuahsi.org/MOPEX/02156500,acastronova@cuahsi.org,02156500,34.5951393,-81.4212089,QueryString,f?=.*,http://selfie.cuahsi.org/MOPEX/02156500?f=${C:f:1}
https://geoconnex.us/cuahsi/his/MOPEX/02165000,http://selfie.cuahsi.org/MOPEX/02165000,acastronova@cuahsi.org,02165000,34.4173425,-82.15149998,QueryString,f?=.*,http://selfie.cuahsi.org/MOPEX/02165000?f=${C:f:1}
https://geoconnex.us/cuahsi/his/MOPEX/02174000,http://selfie.cuahsi.org/MOPEX/02174000,acastronova@cuahsi.org,02174000,33.1765502,-80.8012085,QueryString,f?=.*,http://selfie.cuahsi.org/MOPEX/02174000?f=${C:f:1}
https://geoconnex.us/cuahsi/his/MOPEX/06334500,http://selfie.cuahsi.org/MOPEX/06334500,acastronova@cuahsi.org,06334500,45.5481343,-103.9712386,QueryString,f?=.*,http://selfie.cuahsi.org/MOPEX/06334500?f=${C:f:1}
https://geoconnex.us/cuahsi/his/MOPEX/06359500,http://selfie.cuahsi.org/MOPEX/06359500,acastronova@cuahsi.org,06359500,45.19775826,-102.1565472,QueryString,f?=.*,http://selfie.cuahsi.org/MOPEX/06359500?f=${C:f:1}
https://geoconnex.us/cuahsi/his/MOPEX/06441500,http://selfie.cuahsi.org/MOPEX/06441500,acastronova@cuahsi.org,06441500,44.32664897,-100.3843003,QueryString,f?=.*,http://selfie.cuahsi.org/MOPEX/06441500?f=${C:f:1}
https://geoconnex.us/cuahsi/his/MOPEX/06446000,http://selfie.cuahsi.org/MOPEX/06446000,acastronova@cuahsi.org,06446000,43.25484357,-102.8273511,QueryString,f?=.*,http://selfie.cuahsi.org/MOPEX/06446000?f=${C:f:1}
https://geoconnex.us/cuahsi/his/MOPEX/06480000,http://selfie.cuahsi.org/MOPEX/06480000,acastronova@cuahsi.org,06480000,44.1802473,-96.749496,QueryString,f?=.*,http://selfie.cuahsi.org/MOPEX/06480000?f=${C:f:1}
https://geoconnex.us/cuahsi/his/MOPEX/03455000,http://selfie.cuahsi.org/MOPEX/03455000,acastronova@cuahsi.org,03455000,35.9816112,-83.1610877,QueryString,f?=.*,http://selfie.cuahsi.org/MOPEX/03455000?f=${C:f:1}
https://geoconnex.us/cuahsi/his/MOPEX/03465500,http://selfie.cuahsi.org/MOPEX/03465500,acastronova@cuahsi.org,03465500,36.1764961,-82.457364,QueryString,f?=.*,http://selfie.cuahsi.org/MOPEX/03465500?f=${C:f:1}
https://geoconnex.us/cuahsi/his/MOPEX/03470000,http://selfie.cuahsi.org/MOPEX/03470000,acastronova@cuahsi.org,03470000,35.87842286,-83.57766919,QueryString,f?=.*,http://selfie.cuahsi.org/MOPEX/03470000?f=${C:f:1}
https://geoconnex.us/cuahsi/his/MOPEX/03528000,http://selfie.cuahsi.org/MOPEX/03528000,acastronova@cuahsi.org,03528000,36.425087,-83.3982345,QueryString,f?=.*,http://selfie.cuahsi.org/MOPEX/03528000?f=${C:f:1}
https://geoconnex.us/cuahsi/his/MOPEX/03532000,http://selfie.cuahsi.org/MOPEX/03532000,acastronova@cuahsi.org,03532000,36.54214606,-83.6303312,QueryString,f?=.*,http://selfie.cuahsi.org/MOPEX/03532000?f=${C:f:1}
https://geoconnex.us/cuahsi/his/MOPEX/03540500,http://selfie.cuahsi.org/MOPEX/03540500,acastronova@cuahsi.org,03540500,35.9831307,-84.557992,QueryString,f?=.*,http://selfie.cuahsi.org/MOPEX/03540500?f=${C:f:1}
https://geoconnex.us/cuahsi/his/MOPEX/03567500,http://selfie.cuahsi.org/MOPEX/03567500,acastronova@cuahsi.org,03567500,35.0141218,-85.2065961,QueryString,f?=.*,http://selfie.cuahsi.org/MOPEX/03567500?f=${C:f:1}
https://geoconnex.us/cuahsi/his/MOPEX/03603000,http://selfie.cuahsi.org/MOPEX/03603000,acastronova@cuahsi.org,03603000,35.93006336,-87.7430786,QueryString,f?=.*,http://selfie.cuahsi.org/MOPEX/03603000?f=${C:f:1}
https://geoconnex.us/cuahsi/his/MOPEX/07029500,http://selfie.cuahsi.org/MOPEX/07029500,acastronova@cuahsi.org,07029500,35.27532938,-88.9766303,QueryString,f?=.*,http://selfie.cuahsi.org/MOPEX/07029500?f=${C:f:1}
https://geoconnex.us/cuahsi/his/MOPEX/07307800,http://selfie.cuahsi.org/MOPEX/07307800,acastronova@cuahsi.org,07307800,34.2275718,-100.0737179,QueryString,f?=.*,http://selfie.cuahsi.org/MOPEX/07307800?f=${C:f:1}
https://geoconnex.us/cuahsi/his/MOPEX/07346000,http://selfie.cuahsi.org/MOPEX/07346000,acastronova@cuahsi.org,07346000,32.74958345,-94.4988102,QueryString,f?=.*,http://selfie.cuahsi.org/MOPEX/07346000?f=${C:f:1}
https://geoconnex.us/cuahsi/his/MOPEX/07346050,http://selfie.cuahsi.org/MOPEX/07346050,acastronova@cuahsi.org,07346050,32.6726406,-94.7510435,QueryString,f?=.*,http://selfie.cuahsi.org/MOPEX/07346050?f=${C:f:1}
https://geoconnex.us/cuahsi/his/MOPEX/07346070,http://selfie.cuahsi.org/MOPEX/07346070,acastronova@cuahsi.org,07346070,32.71291998,-94.3460265,QueryString,f?=.*,http://selfie.cuahsi.org/MOPEX/07346070?f=${C:f:1}
https://geoconnex.us/cuahsi/his/MOPEX/08032000,http://selfie.cuahsi.org/MOPEX/08032000,acastronova@cuahsi.org,08032000,31.89239037,-95.430786,QueryString,f?=.*,http://selfie.cuahsi.org/MOPEX/08032000?f=${C:f:1}
https://geoconnex.us/cuahsi/his/MOPEX/08033500,http://selfie.cuahsi.org/MOPEX/08033500,acastronova@cuahsi.org,08033500,31.025,-94.3994444,QueryString,f?=.*,http://selfie.cuahsi.org/MOPEX/08033500?f=${C:f:1}
https://geoconnex.us/cuahsi/his/MOPEX/08055500,http://selfie.cuahsi.org/MOPEX/08055500,acastronova@cuahsi.org,08055500,32.965957,-96.94445,QueryString,f?=.*,http://selfie.cuahsi.org/MOPEX/08055500?f=${C:f:1}
https://geoconnex.us/cuahsi/his/MOPEX/08085500,http://selfie.cuahsi.org/MOPEX/08085500,acastronova@cuahsi.org,08085500,32.9345557,-99.2245215,QueryString,f?=.*,http://selfie.cuahsi.org/MOPEX/08085500?f=${C:f:1}
https://geoconnex.us/cuahsi/his/MOPEX/08095000,http://selfie.cuahsi.org/MOPEX/08095000,acastronova@cuahsi.org,08095000,31.785991,-97.5680748,QueryString,f?=.*,http://selfie.cuahsi.org/MOPEX/08095000?f=${C:f:1}
https://geoconnex.us/cuahsi/his/MOPEX/08103800,http://selfie.cuahsi.org/MOPEX/08103800,acastronova@cuahsi.org,08103800,31.0793403,-98.0166919,QueryString,f?=.*,http://selfie.cuahsi.org/MOPEX/08103800?f=${C:f:1}
https://geoconnex.us/cuahsi/his/MOPEX/08146000,http://selfie.cuahsi.org/MOPEX/08146000,acastronova@cuahsi.org,08146000,31.21322316,-98.7194871,QueryString,f?=.*,http://selfie.cuahsi.org/MOPEX/08146000?f=${C:f:1}
https://geoconnex.us/cuahsi/his/MOPEX/08150000,http://selfie.cuahsi.org/MOPEX/08150000,acastronova@cuahsi.org,08150000,30.50435487,-99.7345097,QueryString,f?=.*,http://selfie.cuahsi.org/MOPEX/08150000?f=${C:f:1}
https://geoconnex.us/cuahsi/his/MOPEX/08150700,http://selfie.cuahsi.org/MOPEX/08150700,acastronova@cuahsi.org,08150700,30.66073685,-99.1092185,QueryString,f?=.*,http://selfie.cuahsi.org/MOPEX/08150700?f=${C:f:1}
https://geoconnex.us/cuahsi/his/MOPEX/08167500,http://selfie.cuahsi.org/MOPEX/08167500,acastronova@cuahsi.org,08167500,29.8604957,-98.3836275,QueryString,f?=.*,http://selfie.cuahsi.org/MOPEX/08167500?f=${C:f:1}
https://geoconnex.us/cuahsi/his/MOPEX/08171000,http://selfie.cuahsi.org/MOPEX/08171000,acastronova@cuahsi.org,08171000,29.9943808,-98.088898,QueryString,f?=.*,http://selfie.cuahsi.org/MOPEX/08171000?f=${C:f:1}
https://geoconnex.us/cuahsi/his/MOPEX/08171300,http://selfie.cuahsi.org/MOPEX/08171300,acastronova@cuahsi.org,08171300,29.97938297,-97.9100051,QueryString,f?=.*,http://selfie.cuahsi.org/MOPEX/08171300?f=${C:f:1}
https://geoconnex.us/cuahsi/his/MOPEX/08172000,http://selfie.cuahsi.org/MOPEX/08172000,acastronova@cuahsi.org,08172000,29.66634037,-97.6508314,QueryString,f?=.*,http://selfie.cuahsi.org/MOPEX/08172000?f=${C:f:1}
https://geoconnex.us/cuahsi/his/MOPEX/08189500,http://selfie.cuahsi.org/MOPEX/08189500,acastronova@cuahsi.org,08189500,28.29195088,-97.2791593,QueryString,f?=.*,http://selfie.cuahsi.org/MOPEX/08189500?f=${C:f:1}
https://geoconnex.us/cuahsi/his/MOPEX/08205500,http://selfie.cuahsi.org/MOPEX/08205500,acastronova@cuahsi.org,08205500,28.73664429,-99.1447556,QueryString,f?=.*,http://selfie.cuahsi.org/MOPEX/08205500?f=${C:f:1}
https://geoconnex.us/cuahsi/his/MOPEX/09292500,http://selfie.cuahsi.org/MOPEX/09292500,acastronova@cuahsi.org,09292500,40.51189299,-110.3415491,QueryString,f?=.*,http://selfie.cuahsi.org/MOPEX/09292500?f=${C:f:1}
https://geoconnex.us/cuahsi/his/MOPEX/09299500,http://selfie.cuahsi.org/MOPEX/09299500,acastronova@cuahsi.org,09299500,40.5935653,-109.9323739,QueryString,f?=.*,http://selfie.cuahsi.org/MOPEX/09299500?f=${C:f:1}
https://geoconnex.us/cuahsi/his/MOPEX/01329000,http://selfie.cuahsi.org/MOPEX/01329000,acastronova@cuahsi.org,01329000,43.07618845,-73.15677339,QueryString,f?=.*,http://selfie.cuahsi.org/MOPEX/01329000?f=${C:f:1}
https://geoconnex.us/cuahsi/his/MOPEX/01628500,http://selfie.cuahsi.org/MOPEX/01628500,acastronova@cuahsi.org,01628500,38.32262796,-78.7547457,QueryString,f?=.*,http://selfie.cuahsi.org/MOPEX/01628500?f=${C:f:1}
https://geoconnex.us/cuahsi/his/MOPEX/01631000,http://selfie.cuahsi.org/MOPEX/01631000,acastronova@cuahsi.org,01631000,38.91400059,-78.21083388,QueryString,f?=.*,http://selfie.cuahsi.org/MOPEX/01631000?f=${C:f:1}
https://geoconnex.us/cuahsi/his/MOPEX/01634000,http://selfie.cuahsi.org/MOPEX/01634000,acastronova@cuahsi.org,01634000,38.9767759,-78.3361152,QueryString,f?=.*,http://selfie.cuahsi.org/MOPEX/01634000?f=${C:f:1}
https://geoconnex.us/cuahsi/his/MOPEX/01663500,http://selfie.cuahsi.org/MOPEX/01663500,acastronova@cuahsi.org,01663500,38.59178867,-77.9649962,QueryString,f?=.*,http://selfie.cuahsi.org/MOPEX/01663500?f=${C:f:1}
https://geoconnex.us/cuahsi/his/MOPEX/01664000,http://selfie.cuahsi.org/MOPEX/01664000,acastronova@cuahsi.org,01664000,38.53067996,-77.8136045,QueryString,f?=.*,http://selfie.cuahsi.org/MOPEX/01664000?f=${C:f:1}
https://geoconnex.us/cuahsi/his/MOPEX/01667500,http://selfie.cuahsi.org/MOPEX/01667500,acastronova@cuahsi.org,01667500,38.35040774,-77.9749972,QueryString,f?=.*,http://selfie.cuahsi.org/MOPEX/01667500?f=${C:f:1}
https://geoconnex.us/cuahsi/his/MOPEX/01668000,http://selfie.cuahsi.org/MOPEX/01668000,acastronova@cuahsi.org,01668000,38.30846178,-77.52915268,QueryString,f?=.*,http://selfie.cuahsi.org/MOPEX/01668000?f=${C:f:1}
https://geoconnex.us/cuahsi/his/MOPEX/01672500,http://selfie.cuahsi.org/MOPEX/01672500,acastronova@cuahsi.org,01672500,37.796809,-77.5488744,QueryString,f?=.*,http://selfie.cuahsi.org/MOPEX/01672500?f=${C:f:1}
https://geoconnex.us/cuahsi/his/MOPEX/01674500,http://selfie.cuahsi.org/MOPEX/01674500,acastronova@cuahsi.org,01674500,37.88388889,-77.16527778,QueryString,f?=.*,http://selfie.cuahsi.org/MOPEX/01674500?f=${C:f:1}
https://geoconnex.us/cuahsi/his/MOPEX/02016000,http://selfie.cuahsi.org/MOPEX/02016000,acastronova@cuahsi.org,02016000,37.79179587,-79.7594917,QueryString,f?=.*,http://selfie.cuahsi.org/MOPEX/02016000?f=${C:f:1}
https://geoconnex.us/cuahsi/his/MOPEX/02018000,http://selfie.cuahsi.org/MOPEX/02018000,acastronova@cuahsi.org,02018000,37.66596174,-79.9114388,QueryString,f?=.*,http://selfie.cuahsi.org/MOPEX/02018000?f=${C:f:1}
https://geoconnex.us/cuahsi/his/MOPEX/02030500,http://selfie.cuahsi.org/MOPEX/02030500,acastronova@cuahsi.org,02030500,37.70292198,-78.37750429,QueryString,f?=.*,http://selfie.cuahsi.org/MOPEX/02030500?f=${C:f:1}
https://geoconnex.us/cuahsi/his/MOPEX/02055000,http://selfie.cuahsi.org/MOPEX/02055000,acastronova@cuahsi.org,02055000,37.25847085,-79.9386485,QueryString,f?=.*,http://selfie.cuahsi.org/MOPEX/02055000?f=${C:f:1}
https://geoconnex.us/cuahsi/his/MOPEX/02058400,http://selfie.cuahsi.org/MOPEX/02058400,acastronova@cuahsi.org,02058400,36.9459767,-79.5247508,QueryString,f?=.*,http://selfie.cuahsi.org/MOPEX/02058400?f=${C:f:1}
https://geoconnex.us/cuahsi/his/MOPEX/03164000,http://selfie.cuahsi.org/MOPEX/03164000,acastronova@cuahsi.org,03164000,36.6473497,-80.978969,QueryString,f?=.*,http://selfie.cuahsi.org/MOPEX/03164000?f=${C:f:1}
https://geoconnex.us/cuahsi/his/MOPEX/03165500,http://selfie.cuahsi.org/MOPEX/03165500,acastronova@cuahsi.org,03165500,36.83484534,-80.9525807,QueryString,f?=.*,http://selfie.cuahsi.org/MOPEX/03165500?f=${C:f:1}
https://geoconnex.us/cuahsi/his/MOPEX/03167000,http://selfie.cuahsi.org/MOPEX/03167000,acastronova@cuahsi.org,03167000,36.93900995,-80.8872997,QueryString,f?=.*,http://selfie.cuahsi.org/MOPEX/03167000?f=${C:f:1}
https://geoconnex.us/cuahsi/his/MOPEX/03168000,http://selfie.cuahsi.org/MOPEX/03168000,acastronova@cuahsi.org,03168000,36.93762235,-80.7456257,QueryString,f?=.*,http://selfie.cuahsi.org/MOPEX/03168000?f=${C:f:1}
https://geoconnex.us/cuahsi/his/MOPEX/03173000,http://selfie.cuahsi.org/MOPEX/03173000,acastronova@cuahsi.org,03173000,37.26817845,-80.7095125,QueryString,f?=.*,http://selfie.cuahsi.org/MOPEX/03173000?f=${C:f:1}
https://geoconnex.us/cuahsi/his/MOPEX/03175500,http://selfie.cuahsi.org/MOPEX/03175500,acastronova@cuahsi.org,03175500,37.30567654,-80.8497993,QueryString,f?=.*,http://selfie.cuahsi.org/MOPEX/03175500?f=${C:f:1}
https://geoconnex.us/cuahsi/his/MOPEX/03473000,http://selfie.cuahsi.org/MOPEX/03473000,acastronova@cuahsi.org,03473000,36.65178127,-81.8440102,QueryString,f?=.*,http://selfie.cuahsi.org/MOPEX/03473000?f=${C:f:1}
https://geoconnex.us/cuahsi/his/MOPEX/03490000,http://selfie.cuahsi.org/MOPEX/03490000,acastronova@cuahsi.org,03490000,36.60871119,-82.567931,QueryString,f?=.*,http://selfie.cuahsi.org/MOPEX/03490000?f=${C:f:1}
https://geoconnex.us/cuahsi/his/MOPEX/03521500,http://selfie.cuahsi.org/MOPEX/03521500,acastronova@cuahsi.org,03521500,37.08622488,-81.78094879,QueryString,f?=.*,http://selfie.cuahsi.org/MOPEX/03521500?f=${C:f:1}
https://geoconnex.us/cuahsi/his/MOPEX/03524000,http://selfie.cuahsi.org/MOPEX/03524000,acastronova@cuahsi.org,03524000,36.9448295,-82.1548569,QueryString,f?=.*,http://selfie.cuahsi.org/MOPEX/03524000?f=${C:f:1}
https://geoconnex.us/cuahsi/his/MOPEX/03531500,http://selfie.cuahsi.org/MOPEX/03531500,acastronova@cuahsi.org,03531500,36.66203367,-83.0948928,QueryString,f?=.*,http://selfie.cuahsi.org/MOPEX/03531500?f=${C:f:1}
https://geoconnex.us/cuahsi/his/MOPEX/12027500,http://selfie.cuahsi.org/MOPEX/12027500,acastronova@cuahsi.org,12027500,46.7759343,-123.0356919,QueryString,f?=.*,http://selfie.cuahsi.org/MOPEX/12027500?f=${C:f:1}
https://geoconnex.us/cuahsi/his/MOPEX/12098500,http://selfie.cuahsi.org/MOPEX/12098500,acastronova@cuahsi.org,12098500,47.1512137,-121.9498317,QueryString,f?=.*,http://selfie.cuahsi.org/MOPEX/12098500?f=${C:f:1}
https://geoconnex.us/cuahsi/his/MOPEX/12134500,http://selfie.cuahsi.org/MOPEX/12134500,acastronova@cuahsi.org,12134500,47.83732546,-121.6667809,QueryString,f?=.*,http://selfie.cuahsi.org/MOPEX/12134500?f=${C:f:1}
https://geoconnex.us/cuahsi/his/MOPEX/12144500,http://selfie.cuahsi.org/MOPEX/12144500,acastronova@cuahsi.org,12144500,47.5451019,-121.842336,QueryString,f?=.*,http://selfie.cuahsi.org/MOPEX/12144500?f=${C:f:1}
https://geoconnex.us/cuahsi/his/MOPEX/12149000,http://selfie.cuahsi.org/MOPEX/12149000,acastronova@cuahsi.org,12149000,47.66593399,-121.9253969,QueryString,f?=.*,http://selfie.cuahsi.org/MOPEX/12149000?f=${C:f:1}
https://geoconnex.us/cuahsi/his/MOPEX/12449500,http://selfie.cuahsi.org/MOPEX/12449500,acastronova@cuahsi.org,12449500,48.36514507,-120.1161917,QueryString,f?=.*,http://selfie.cuahsi.org/MOPEX/12449500?f=${C:f:1}
https://geoconnex.us/cuahsi/his/MOPEX/12449950,http://selfie.cuahsi.org/MOPEX/12449950,acastronova@cuahsi.org,12449950,48.0773639,-119.9850723,QueryString,f?=.*,http://selfie.cuahsi.org/MOPEX/12449950?f=${C:f:1}
https://geoconnex.us/cuahsi/his/MOPEX/12459000,http://selfie.cuahsi.org/MOPEX/12459000,acastronova@cuahsi.org,12459000,47.5831777,-120.6195306,QueryString,f?=.*,http://selfie.cuahsi.org/MOPEX/12459000?f=${C:f:1}
https://geoconnex.us/cuahsi/his/MOPEX/12462500,http://selfie.cuahsi.org/MOPEX/12462500,acastronova@cuahsi.org,12462500,47.49929148,-120.4245223,QueryString,f?=.*,http://selfie.cuahsi.org/MOPEX/12462500?f=${C:f:1}
https://geoconnex.us/cuahsi/his/MOPEX/13351000,http://selfie.cuahsi.org/MOPEX/13351000,acastronova@cuahsi.org,13351000,46.7584831,-118.1488494,QueryString,f?=.*,http://selfie.cuahsi.org/MOPEX/13351000?f=${C:f:1}
https://geoconnex.us/cuahsi/his/MOPEX/14113000,http://selfie.cuahsi.org/MOPEX/14113000,acastronova@cuahsi.org,14113000,45.75651098,-121.2100714,QueryString,f?=.*,http://selfie.cuahsi.org/MOPEX/14113000?f=${C:f:1}
https://geoconnex.us/cuahsi/his/MOPEX/14232500,http://selfie.cuahsi.org/MOPEX/14232500,acastronova@cuahsi.org,14232500,46.44705689,-121.8639783,QueryString,f?=.*,http://selfie.cuahsi.org/MOPEX/14232500?f=${C:f:1}
https://geoconnex.us/cuahsi/his/MOPEX/14233400,http://selfie.cuahsi.org/MOPEX/14233400,acastronova@cuahsi.org,14233400,46.47011066,-122.0987075,QueryString,f?=.*,http://selfie.cuahsi.org/MOPEX/14233400?f=${C:f:1}
https://geoconnex.us/cuahsi/his/MOPEX/01606500,http://selfie.cuahsi.org/MOPEX/01606500,acastronova@cuahsi.org,01606500,38.99122107,-79.17587059,QueryString,f?=.*,http://selfie.cuahsi.org/MOPEX/01606500?f=${C:f:1}
https://geoconnex.us/cuahsi/his/MOPEX/01608500,http://selfie.cuahsi.org/MOPEX/01608500,acastronova@cuahsi.org,01608500,39.44703879,-78.6541817,QueryString,f?=.*,http://selfie.cuahsi.org/MOPEX/01608500?f=${C:f:1}
https://geoconnex.us/cuahsi/his/MOPEX/01611500,http://selfie.cuahsi.org/MOPEX/01611500,acastronova@cuahsi.org,01611500,39.5823158,-78.3097312,QueryString,f?=.*,http://selfie.cuahsi.org/MOPEX/01611500?f=${C:f:1}
https://geoconnex.us/cuahsi/his/MOPEX/03050500,http://selfie.cuahsi.org/MOPEX/03050500,acastronova@cuahsi.org,03050500,38.92371705,-79.8789587,QueryString,f?=.*,http://selfie.cuahsi.org/MOPEX/03050500?f=${C:f:1}
https://geoconnex.us/cuahsi/his/MOPEX/03051000,http://selfie.cuahsi.org/MOPEX/03051000,acastronova@cuahsi.org,03051000,39.0292694,-79.93590799,QueryString,f?=.*,http://selfie.cuahsi.org/MOPEX/03051000?f=${C:f:1}
https://geoconnex.us/cuahsi/his/MOPEX/03054500,http://selfie.cuahsi.org/MOPEX/03054500,acastronova@cuahsi.org,03054500,39.15037545,-80.038691,QueryString,f?=.*,http://selfie.cuahsi.org/MOPEX/03054500?f=${C:f:1}
https://geoconnex.us/cuahsi/his/MOPEX/03065000,http://selfie.cuahsi.org/MOPEX/03065000,acastronova@cuahsi.org,03065000,39.07232928,-79.6228373,QueryString,f?=.*,http://selfie.cuahsi.org/MOPEX/03065000?f=${C:f:1}
https://geoconnex.us/cuahsi/his/MOPEX/03069000,http://selfie.cuahsi.org/MOPEX/03069000,acastronova@cuahsi.org,03069000,39.0962172,-79.6767291,QueryString,f?=.*,http://selfie.cuahsi.org/MOPEX/03069000?f=${C:f:1}
https://geoconnex.us/cuahsi/his/MOPEX/03069500,http://selfie.cuahsi.org/MOPEX/03069500,acastronova@cuahsi.org,03069500,39.1228835,-79.68117409,QueryString,f?=.*,http://selfie.cuahsi.org/MOPEX/03069500?f=${C:f:1}
https://geoconnex.us/cuahsi/his/MOPEX/03070000,http://selfie.cuahsi.org/MOPEX/03070000,acastronova@cuahsi.org,03070000,39.34620905,-79.6653372,QueryString,f?=.*,http://selfie.cuahsi.org/MOPEX/03070000?f=${C:f:1}
https://geoconnex.us/cuahsi/his/MOPEX/03114500,http://selfie.cuahsi.org/MOPEX/03114500,acastronova@cuahsi.org,03114500,39.4750762,-80.9970537,QueryString,f?=.*,http://selfie.cuahsi.org/MOPEX/03114500?f=${C:f:1}
https://geoconnex.us/cuahsi/his/MOPEX/03155500,http://selfie.cuahsi.org/MOPEX/03155500,acastronova@cuahsi.org,03155500,39.11868976,-81.2773386,QueryString,f?=.*,http://selfie.cuahsi.org/MOPEX/03155500?f=${C:f:1}
https://geoconnex.us/cuahsi/his/MOPEX/03179000,http://selfie.cuahsi.org/MOPEX/03179000,acastronova@cuahsi.org,03179000,37.54400779,-81.0103678,QueryString,f?=.*,http://selfie.cuahsi.org/MOPEX/03179000?f=${C:f:1}
https://geoconnex.us/cuahsi/his/MOPEX/03180500,http://selfie.cuahsi.org/MOPEX/03180500,acastronova@cuahsi.org,03180500,38.54372659,-79.833115,QueryString,f?=.*,http://selfie.cuahsi.org/MOPEX/03180500?f=${C:f:1}
https://geoconnex.us/cuahsi/his/MOPEX/03182500,http://selfie.cuahsi.org/MOPEX/03182500,acastronova@cuahsi.org,03182500,38.18595326,-80.1306225,QueryString,f?=.*,http://selfie.cuahsi.org/MOPEX/03182500?f=${C:f:1}
https://geoconnex.us/cuahsi/his/MOPEX/03183500,http://selfie.cuahsi.org/MOPEX/03183500,acastronova@cuahsi.org,03183500,37.7242874,-80.641468,QueryString,f?=.*,http://selfie.cuahsi.org/MOPEX/03183500?f=${C:f:1}
https://geoconnex.us/cuahsi/his/MOPEX/03184000,http://selfie.cuahsi.org/MOPEX/03184000,acastronova@cuahsi.org,03184000,37.64012018,-80.805083,QueryString,f?=.*,http://selfie.cuahsi.org/MOPEX/03184000?f=${C:f:1}
https://geoconnex.us/cuahsi/his/MOPEX/03186500,http://selfie.cuahsi.org/MOPEX/03186500,acastronova@cuahsi.org,03186500,38.37899915,-80.4839737,QueryString,f?=.*,http://selfie.cuahsi.org/MOPEX/03186500?f=${C:f:1}
https://geoconnex.us/cuahsi/his/MOPEX/03198500,http://selfie.cuahsi.org/MOPEX/03198500,acastronova@cuahsi.org,03198500,38.1798222,-81.7115106,QueryString,f?=.*,http://selfie.cuahsi.org/MOPEX/03198500?f=${C:f:1}
https://geoconnex.us/cuahsi/his/MOPEX/03199000,http://selfie.cuahsi.org/MOPEX/03199000,acastronova@cuahsi.org,03199000,38.07982264,-81.8362346,QueryString,f?=.*,http://selfie.cuahsi.org/MOPEX/03199000?f=${C:f:1}
https://geoconnex.us/cuahsi/his/MOPEX/03213000,http://selfie.cuahsi.org/MOPEX/03213000,acastronova@cuahsi.org,03213000,37.4856665,-81.84372729,QueryString,f?=.*,http://selfie.cuahsi.org/MOPEX/03213000?f=${C:f:1}
https://geoconnex.us/cuahsi/his/MOPEX/03214000,http://selfie.cuahsi.org/MOPEX/03214000,acastronova@cuahsi.org,03214000,37.81759718,-82.3887568,QueryString,f?=.*,http://selfie.cuahsi.org/MOPEX/03214000?f=${C:f:1}
https://geoconnex.us/cuahsi/his/MOPEX/04073500,http://selfie.cuahsi.org/MOPEX/04073500,acastronova@cuahsi.org,04073500,43.95388889,-88.9525,QueryString,f?=.*,http://selfie.cuahsi.org/MOPEX/04073500?f=${C:f:1}
https://geoconnex.us/cuahsi/his/MOPEX/04079000,http://selfie.cuahsi.org/MOPEX/04079000,acastronova@cuahsi.org,04079000,44.3922026,-88.7403812,QueryString,f?=.*,http://selfie.cuahsi.org/MOPEX/04079000?f=${C:f:1}
https://geoconnex.us/cuahsi/his/MOPEX/05383000,http://selfie.cuahsi.org/MOPEX/05383000,acastronova@cuahsi.org,05383000,43.9013541,-91.1181921,QueryString,f?=.*,http://selfie.cuahsi.org/MOPEX/05383000?f=${C:f:1}
https://geoconnex.us/cuahsi/his/MOPEX/05408000,http://selfie.cuahsi.org/MOPEX/05408000,acastronova@cuahsi.org,05408000,43.57414037,-90.6431861,QueryString,f?=.*,http://selfie.cuahsi.org/MOPEX/05408000?f=${C:f:1}
https://geoconnex.us/cuahsi/his/MOPEX/05410490,http://selfie.cuahsi.org/MOPEX/05410490,acastronova@cuahsi.org,05410490,43.18277778,-90.8583333,QueryString,f?=.*,http://selfie.cuahsi.org/MOPEX/05410490?f=${C:f:1}
https://geoconnex.us/cuahsi/his/MOPEX/05410500,http://selfie.cuahsi.org/MOPEX/05410500,acastronova@cuahsi.org,05410500,43.1908149,-90.8745716,QueryString,f?=.*,http://selfie.cuahsi.org/MOPEX/05410500?f=${C:f:1}
https://geoconnex.us/cuahsi/his/MOPEX/05430500,http://selfie.cuahsi.org/MOPEX/05430500,acastronova@cuahsi.org,05430500,42.6136111,-89.0716667,QueryString,f?=.*,http://selfie.cuahsi.org/MOPEX/05430500?f=${C:f:1}
https://geoconnex.us/cuahsi/his/MOPEX/05546500,http://selfie.cuahsi.org/MOPEX/05546500,acastronova@cuahsi.org,05546500,42.5116854,-88.1792545,QueryString,f?=.*,http://selfie.cuahsi.org/MOPEX/05546500?f=${C:f:1}
https://geoconnex.us/cuahsi/his/MOPEX/06225500,http://selfie.cuahsi.org/MOPEX/06225500,acastronova@cuahsi.org,06225500,43.2425,-109.0105556,QueryString,f?=.*,http://selfie.cuahsi.org/MOPEX/06225500?f=${C:f:1}
https://geoconnex.us/cuahsi/his/MOPEX/06426500,http://selfie.cuahsi.org/MOPEX/06426500,acastronova@cuahsi.org,06426500,44.32192645,-104.9405313,QueryString,f?=.*,http://selfie.cuahsi.org/MOPEX/06426500?f=${C:f:1}
https://geoconnex.us/cuahsi/his/MOPEX/01500500,http://selfie.cuahsi.org/MOPEX/01500500,acastronova@cuahsi.org,01500500,42.32138889,-75.3166667,QueryString,f?=.*,http://selfie.cuahsi.org/MOPEX/01500500?f=${C:f:1}
